Id,gripForce
0,50.57386700643414
1,55.44787146626198
2,31.391837616030994
3,44.36748750026146
4,33.45167475461054
5,55.443220171844146
6,28.570714879026102
7,53.33495580584363
8,29.384827866043835
9,43.89523403952242
10,61.63932250403768
11,52.32504046755557
12,54.90114743081453
13,57.53795344055525
14,49.67895445199188
15,31.23190075984399
16,55.60700475921845
17,26.882176404156983
18,53.6526108494888
19,28.333563877460904
20,33.55999276608152
21,54.53220588001227
22,47.25950643119666
23,48.25790807183585
24,29.79246909512764
25,48.54833851262415
26,33.39341542301583
27,34.975806603079995
28,48.504936059193724
29,49.997256328224566
30,49.931920877316514
31,43.36692994430771
32,39.54857306337994
33,54.927834786480375
34,31.10957561161608
35,49.5621899331033
36,35.768499578143306
37,53.79308716450254
38,30.251456588414957
39,50.751133467378075
40,58.91175593694461
41,53.36268055298685
42,32.72484521968293
43,55.24639415083782
44,52.21891812163929
45,53.788774694730655
46,53.08741813904063
47,48.63879720605193
48,54.2708496007274
49,51.458222742587594
50,31.920989582990657
51,54.87486857912603
52,25.97519925575039
53,58.39939488279736
54,31.334424708423885
55,50.88172024833242
56,28.334222750378746
57,48.96165587784552
58,34.37784339505782
59,28.50141438095953
60,45.45131939285992
61,49.18454840253075
62,31.206417741279633
63,27.48125933955087
64,45.61183183677816
65,32.30988918900276
66,39.14080793643895
67,50.20282791151687
68,55.769207072540965
69,42.184498831951906
70,28.911197358241854
71,47.04795236902374
72,51.90533556760416
73,49.71148318821658
74,32.80982742498253
75,59.07304752083659
76,49.69918014190377
77,50.764222106052785
78,57.18536116272157
79,50.98364542215092
80,28.869625514476656
81,50.71351087865599
82,26.402203910742127
83,31.160863465101507
84,26.033818120830315
85,53.96881104950143
86,27.94728446825687
87,54.44850925052666
88,54.422969815294095
89,31.61007799741151
90,24.0213267675351
91,43.62572543027934
92,26.3230017068193
93,30.312862103191083
94,52.37537695645107
95,29.612054031696626
96,57.70285828420394
97,50.398754297115
98,56.18745106860798
99,52.566879558652374
100,55.314686417060784
101,50.00136581582411
102,51.41968427948895
103,37.83340246576559
104,57.296672693913905
105,46.06791048366054
106,51.085692810391876
107,45.87817661813392
108,30.00840352943033
109,50.240050928312954
110,29.360298292019877
111,26.96464066988565
112,49.30009563086563
113,51.25062393070443
114,30.18670473355869
115,32.37522991259061
116,55.74443987184746
117,55.38282181681141
118,50.68814055795369
119,46.66728477293768
120,42.988966707580424
121,49.33497879452885
122,56.93125776562988
123,63.66250785508087
124,54.174817971004984
125,59.33695910053247
126,28.547388001333676
127,46.56066839194706
128,53.545905837164995
129,45.73146710726503
130,29.663576592477455
131,30.182800557537046
132,33.22459029467914
133,56.766305500542266
134,54.738197860096406
135,58.69279417346608
136,54.97699294815022
137,53.90287627976233
138,42.04563980195263
139,54.4171894577377
140,27.457805282562692
141,30.266805188767062
142,28.74774728597037
143,56.23682142071931
144,54.89964870637616
145,49.42759633451917
146,30.409295111825926
147,25.098492663987916
148,28.11326581094095
149,59.12794635331567
150,34.12002963323689
151,46.70827894917092
152,37.68941173063859
153,55.66392629568455
154,29.382366879781827
155,59.88053183470041
156,27.517509160511885
157,58.076907753615316
158,49.154724059897
159,55.43346829580074
160,30.562910618512923
161,32.9090702187776
162,24.273904221535524
163,57.12597659495388
164,56.54350953365654
165,26.87605704413538
166,28.06129579967733
167,45.13286695721408
168,32.55697450553091
169,48.71011690460529
170,39.13023606117356
171,56.7040973597915
172,54.59819629010336
173,23.46353032085984
174,44.45075499666745
175,47.60768049734925
176,47.65457375137739
177,46.23123422423774
178,56.1297884923904
179,54.881989536291854
180,50.47009362335131
181,47.10436899469651
182,52.69163991868874
183,59.97132212439562
184,52.86232450892324
185,60.045424124570516
186,28.899084245445156
187,50.1083672822047
188,51.38896486413964
189,50.207506461401785
190,53.71079338566073
191,42.635457681663226
192,48.913213535126445
193,54.622927709299276
194,34.500270422454754
195,52.98825650598641
196,26.53477938375569
197,33.76045361577899
198,32.605329050054955
199,27.219188774491926
200,32.98574863535797
201,52.242656204099276
202,31.34576494205432
203,44.72737893399736
204,55.25794111571821
205,50.61329615256595
206,48.688257915606854
207,55.703099229700285
208,24.41922124043122
209,54.230141930915
210,33.022924176884985
211,49.62427840105984
212,34.085903044402926
213,57.45155453235121
214,24.713066058773602
215,50.85276306629921
216,49.51414165832961
217,53.17848317339383
218,32.58845237904319
219,55.33071990776617
220,58.67488464837627
221,26.482015708617148
222,29.01422949521823
223,50.90424557692582
224,53.7849051904189
225,55.45602554098964
226,29.349327973627705
227,50.02910275637931
228,53.01659021026577
229,49.22319715356543
230,57.43642545675182
231,30.684298808269503
232,52.114467311768585
233,47.59916355117455
234,50.92792692513237
235,38.403105781516736
236,52.70470893089959
237,60.24890001434229
238,41.8975586499657
239,57.33722955919276
240,24.133164980097856
241,22.782442970512278
242,53.22312811638991
243,44.50683831307292
244,50.41775446530118
245,50.35140128831935
246,52.485401674007385
247,56.33399356719331
248,55.50284882598685
249,51.29552724581645
250,26.3776300829206
251,52.43981530039359
252,39.17891584234004
253,32.16337765122896
254,60.63533079918875
255,26.227347183046728
256,49.59501486664693
257,50.98908303746226
258,54.622282447218986
259,54.11044328997391
260,36.357903608894446
261,29.26189671265886
262,31.307608573341614
263,27.06148523146124
264,29.33498713104859
265,52.544059566756644
266,31.685570424940853
267,30.989126390407424
268,54.25820713509445
269,47.43063779424079
270,44.88929935974929
271,35.58478897849896
272,48.06753078471207
273,30.664708557251924
274,32.406872070128614
275,50.62894870289662
276,34.16329796231576
277,48.66906291489082
278,28.703444798417088
279,35.04921815968731
280,24.044814073887924
281,32.87240194565015
282,40.54254075205849
283,30.7437681436283
284,27.753666279226113
285,47.50504299389085
286,46.611832478685464
287,53.658003312852735
288,52.79853546752068
289,54.575193936178536
290,48.87108200602051
291,32.685420694241216
292,46.61954172325585
293,31.772789428231924
294,52.05459074156129
295,46.96065528416197
296,52.271884584767456
297,26.806981905569824
298,49.283171640142264
299,51.802562711902546
300,32.06489263643276
301,52.67594118746926
302,52.725707584386
303,53.56022056412285
304,51.88442305675149
305,54.17236455524635
306,28.17927170365354
307,34.97994872138076
308,50.41317903219499
309,48.513436428657016
310,48.82582328364206
311,53.252936979481476
312,50.509150892241585
313,28.224017017892972
314,30.314476613181395
315,53.915108866003244
316,55.65250637966355
317,55.05448241351768
318,30.874658877222306
319,30.30559184888616
320,61.210500761543344
321,28.776609667971748
322,35.05501696548065
323,26.01954169049173
324,26.733204708383333
325,24.81162395350098
326,30.072978343708137
327,48.1430393114597
328,52.169115640806254
329,49.210464546857864
330,48.57329326225227
331,30.909867345867063
332,59.95518248822158
333,28.241324584075045
334,46.1847480809621
335,51.96817116622342
336,56.80162748399943
337,48.70162338090486
338,51.01537624068966
339,26.56442969573738
340,51.06474828208097
341,35.04428583864776
342,62.199293856965
343,56.84406479751896
344,31.957319642557998
345,47.17181752283955
346,58.52515615421864
347,58.766208839944674
348,56.40986516489681
349,53.75413369051888
350,56.284777621361
351,34.08227547404044
352,49.66102352397128
353,49.29233039479601
354,29.69524054327079
355,25.836301367516928
356,49.20181976926529
357,57.46346404738022
358,25.762645801239984
359,53.8902766757603
360,36.67302905136005
361,45.58306423457008
362,53.159482704790626
363,50.36928912542792
364,57.42339537982199
365,52.184294597941935
366,28.09636195315914
367,51.163159323119395
368,40.28345476655932
369,52.72656794436905
370,24.34444981146227
371,47.80596768983542
372,30.39642494107423
373,54.87451872969681
374,33.389767854561775
375,51.57879465652607
376,56.743955943259515
377,25.853019772084195
378,51.327902226473306
379,51.059016912113016
380,46.74615591537568
381,54.17414327021791
382,57.18640351354718
383,26.898422745560726
384,30.7005689077178
385,44.42746539888734
386,49.45597494026379
387,51.56525673525558
388,57.72465916004553
389,53.05705874240969
390,52.363326950117724
391,30.346519762065757
392,55.63330937970257
393,52.54565198808837
394,49.98367817781365
395,29.14635811864015
396,54.002869222927394
397,41.024518634701536
398,30.387465783534896
399,40.61863548016836
400,61.56170301390152
401,55.601076703490456
402,24.996597598108544
403,52.70089427134672
404,51.318043885626416
405,50.670285951129785
406,23.367659247534473
407,60.54846699622862
408,27.365001111892607
409,45.195758102908776
410,49.83559421384132
411,48.38207331333661
412,35.25630040413118
413,56.24722782904104
414,52.056879377588025
415,44.240738971425195
416,52.17019534465316
417,54.92139502662031
418,46.56907929489856
419,55.368782965544504
420,47.97859975239277
421,53.42153868248328
422,33.907558355750595
423,55.6409503042607
424,49.786030048636036
425,48.74279180421205
426,35.96770490174781
427,53.28015374370356
428,56.89117409537202
429,57.51451308523262
430,25.590620351392644
431,32.35907586868131
432,33.56836606843231
433,34.18087593549755
434,27.661341391004953
435,44.483614627631454
436,26.437778563085846
437,59.26403913616498
438,28.38744166634225
439,29.23511111661105
440,42.854214461190296
441,47.91252929654162
442,54.58403040672101
443,61.54146822269778
444,41.87465332129613
445,29.745282077909977
446,45.54286261650831
447,46.885505358423984
448,23.429787691929878
449,53.38837337363202
450,35.80935717985723
451,48.555864051940695
452,55.582182445673865
453,47.968177452023895
454,30.2153054604342
455,28.334923119858892
456,45.14990430891782
457,36.210100714313214
458,53.41082174157948
459,54.74700577614975
460,54.4947213711598
461,55.37894181929957
462,55.54681501049826
463,56.199477895196424
464,56.63672687732045
465,25.655402093997974
466,34.34211604884988
467,30.37269285078126
468,57.81975737863777
469,55.263840417690155
470,43.57737529622473
471,50.92602118371228
472,52.11295498673068
473,35.96397376994741
474,52.61955491397568
475,56.06518615864639
476,57.24390800145039
477,53.46213103445284
478,42.30552639706702
479,50.62580615847893
480,27.967412705048186
481,26.747681709037515
482,54.74748211130189
483,27.01497467903292
484,30.10284007929205
485,45.40716957102146
486,34.96441120422092
487,45.45498710561376
488,29.686969232384875
489,48.407892358194765
490,49.795669003583384
491,54.19348683632759
492,49.313332079249996
493,46.959127943248006
494,51.765559708124755
495,31.809080063017767
496,45.74461922563233
497,24.98684225586917
498,55.96654530437235
499,50.70295461019104
500,54.05868404064175
501,51.36109682849864
502,47.78554406164012
503,31.669308963868236
504,40.79310029294555
505,54.83945112181098
506,49.02790043663144
507,34.48319131357911
508,50.859976653952685
509,31.107245925858077
510,28.674823810043083
511,55.69686603136338
512,55.51122192810177
513,50.98581322587337
514,51.16193600499789
515,49.273829575798196
516,26.44694984865844
517,46.843408233643
518,54.054742514971174
519,34.89609154451091
520,50.253395449549025
521,55.6434386550915
522,32.127526028111845
523,53.036263067367074
524,50.21753586803242
525,26.386303870697557
526,49.18676961261625
527,59.53757491827555
528,51.28193886553584
529,53.765341869781196
530,52.19550934431788
531,48.446837201853235
532,41.69225241870658
533,46.54372194373484
534,29.724281772213327
535,29.90492296404497
536,43.075774139268376
537,52.93999585839284
538,53.84979607303084
539,46.882585034394005
540,52.61488743104715
541,49.875960267275154
542,53.29237441381766
543,47.918062023323856
544,45.11946920438256
545,26.54341554257069
546,25.502563439173503
547,30.10387650232609
548,31.061962435366535
549,53.64180655049457
550,54.54401014642153
551,30.16450970469724
552,28.996812774568486
553,58.84695614419678
554,27.88682121503562
555,53.78608548016231
556,26.338416539973835
557,48.965542536026256
558,27.664038246090147
559,43.59781667188173
560,56.226977061408405
561,58.27640093996658
562,51.04558582963899
563,43.2503586353865
564,53.78182931976378
565,28.4937137196856
566,20.06635204287625
567,52.30175483385557
568,42.49044648139632
569,55.33793935372586
570,51.37952716318524
571,50.18818139301162
572,48.50738134195742
573,30.4466684860746
574,53.2895811960287
575,53.281793111745785
576,53.558657579816064
577,51.5972693246133
578,28.883515172127883
579,51.15739633206626
580,59.739819887825846
581,31.183529216595396
582,58.16193086353566
583,40.150136267511286
584,55.154800329417846
585,46.747866671257384
586,52.853048202771994
587,59.453515050661004
588,27.819578612542934
589,29.34288387251782
590,55.05712730846404
591,48.531494452838224
592,52.47498975314786
593,52.50020220447531
594,32.433913218207685
595,25.81442217590536
596,54.83007108632282
597,28.810690001683835
598,27.23288417838182
599,31.794574829919153
600,45.678810393504925
601,54.208082643564566
602,49.68640568116217
603,28.374033378577135
604,54.152764651199135
605,29.236386002828606
606,55.603903119429845
607,32.39333753625663
608,49.80075415054571
609,49.080902427385254
610,49.597458285317444
611,32.8679572843136
612,38.64882105609307
613,53.57489403881711
614,25.59407426432887
615,27.42163483003686
616,52.598271585754254
617,28.23084778029117
618,31.60170882448302
619,46.13868197617295
620,52.7296888864346
621,46.35464565702955
622,45.961798794632294
623,54.314866010126465
624,50.248254687501905
625,28.571332710059227
626,50.67526981265412
627,58.612228028576226
628,32.07543194912215
629,53.5852206121128
630,56.73879144480674
631,43.20094728547548
632,55.984264972895254
633,26.286753556262152
634,52.60584263160275
635,30.447706091247937
636,52.32420854797657
637,32.22804201085306
638,44.84597489099089
639,53.42922242966722
640,50.75075801314604
641,53.67959626388752
642,58.83106006733001
643,46.58523482847999
644,32.45540636830082
645,27.31416964403356
646,26.464364667702352
647,52.83109840576756
648,41.609707612307616
649,33.25766174841932
650,57.27644904331169
651,47.46962970619673
652,54.46162153728185
653,49.12199508118068
654,28.783356433415772
655,48.74712712848858
656,56.40637974222894
657,50.57632480949986
658,35.88644089889896
659,30.301801351344885
660,47.167714582934
661,27.12847333484985
662,27.988801625120377
663,55.07421448043986
664,28.87591575763744
665,28.755543398202892
666,53.45324114303383
667,27.654378706311398
668,54.26501782710613
669,54.2661441970723
670,24.979577805135538
671,58.4858951780882
672,39.809406434631136
673,52.468127134978765
674,56.318273597896
675,27.061768592971124
676,51.73831975276387
677,30.496821672711242
678,47.35529654379744
679,54.830167711305975
680,56.648820978130566
681,57.06028406307347
682,29.842115612348156
683,45.39991836769238
684,47.3351871968472
685,31.465201263426632
686,36.47415704112891
687,27.633907079383796
688,37.20763937863906
689,27.56003353511509
690,57.05716198274194
691,48.96589099454524
692,52.59282487501076
693,25.404830807188297
694,56.90980568479846
695,31.735680889211785
696,53.806684516080246
697,33.61932453290374
698,53.12811309228507
699,52.74248317577712
700,26.078385634687937
701,57.53651210154885
702,52.59694936660819
703,48.652265658552636
704,57.17139934161985
705,34.57585924200618
706,49.11436002144421
707,35.17360495894646
708,45.561716188721064
709,30.397563829309792
710,48.401191736715695
711,32.05262692020307
712,33.656614519092194
713,49.27543986486825
714,54.055571828321604
715,32.33647735001099
716,55.6150577307383
717,48.95239137832705
718,45.24565459736976
719,53.392671500396624
720,51.29880142537529
721,27.482306626384652
722,28.61292407359753
723,30.137910528190133
724,50.21544062746284
725,50.040412977571435
726,53.04923101407464
727,50.38232619012373
728,45.164383749915295
729,44.03419482130796
730,55.74215976901906
731,52.7531259379413
732,31.002650281332517
733,31.831123116429655
734,55.84710850582875
735,32.686712756546
736,32.00376501337708
737,50.69822123871271
738,31.824849865005476
739,19.63995961148899
740,46.20582461638699
741,54.10798120295325
742,34.90361940011893
743,35.48406081704261
744,55.97204215445719
745,26.005394294558858
746,27.096677599496832
747,52.615581011796124
748,63.393205388704146
749,44.93085369460684
750,54.26221915821673
751,31.925109894222725
752,54.346985048882814
753,32.79820750522076
754,27.754857230668616
755,32.333425801765685
756,51.0842405945966
757,51.40871790214568
758,37.323362442693195
759,25.954687637550208
760,26.909661173198632
761,25.150729222242145
762,48.08317901013584
763,31.485687117070217
764,57.86833376056152
765,46.82138908705281
766,54.97528143770735
767,28.7758230294064
768,35.378324540432594
769,54.34786614864627
770,56.688873496104684
771,61.21694983581057
772,52.89213846515793
773,53.791746097796555
774,54.19543425521237
775,50.72402544851216
776,55.7981642287076
777,25.58310325112464
778,28.355981324962805
779,27.682861927013068
780,45.79031172209436
781,55.04493848987927
782,40.257877587296164
783,29.110837883594417
784,49.523816728891
785,36.51923925864114
786,56.61241696750208
787,50.40482779284172
788,40.80982582820116
789,53.28816229832754
790,58.274451577728435
791,50.83951217580861
792,53.33130562251959
793,30.533393487403934
794,49.116018356235486
795,29.415795668926506
796,58.99184906274529
797,56.29384386019272
798,29.948598283442745
799,51.85297513297425
800,46.41912460898159
801,31.7510748852632
802,56.594955693356596
803,31.14543774365716
804,51.01946126011066
805,32.89351896556425
806,55.92757221664529
807,56.52614196212083
808,43.57255061045556
809,29.919680887614287
810,51.170625189304
811,53.744473561632816
812,45.13371843626932
813,57.698991620331604
814,48.43277178368283
815,51.544325271470214
816,50.80857836315213
817,49.3775238891272
818,57.37975558081787
819,50.14494712562843
820,51.10955325552482
821,55.607283387012124
822,62.46402939524996
823,48.6655534030585
824,25.0880257114905
825,46.761897073454854
826,50.950873925126004
827,43.92817415303474
828,41.188133458325744
829,30.490032132009986
830,33.66563253774528
831,53.92646490932539
832,47.99660526977754
833,55.760696213808494
834,27.31533823102622
835,44.96112846001322
836,44.075725352516436
837,58.9306790454281
838,57.82223756208305
839,52.71755479823773
840,30.58232407626115
841,29.1739085878524
842,32.52522954132015
843,24.763017850472053
844,49.48646708121098
845,51.11619500379686
846,39.93066546441259
847,44.05836128267499
848,23.91596971215274
849,54.68263574251424
850,29.663359814935188
851,52.26249870927902
852,51.87414129613826
853,31.42947230644257
854,45.49332427390938
855,61.38012461023464
856,51.37660599887159
857,30.812956677526287
858,31.929532191930186
859,30.53161839866397
860,44.24195385047421
861,52.728704538844994
862,54.00793280870315
863,31.195180910466878
864,46.5036126226882
865,48.59784368476714
866,32.916986746109785
867,52.236504135637496
868,53.798168995781936
869,53.95479887722916
870,51.79408050503172
871,53.7216110343696
872,50.71534508387739
873,33.39929115199368
874,30.709586112709182
875,54.08821484675147
876,26.90287902186632
877,51.96079014514594
878,30.8613531692859
879,52.42275835662068
880,28.1748927218807
881,36.507159823779865
882,45.30023004656004
883,30.224519232899567
884,53.52697179407873
885,46.70665917976426
886,55.382732352943975
887,47.49556298980435
888,49.38582639716753
889,35.15365149814182
890,43.309988891411514
891,53.508677526822126
892,33.02546736415926
893,47.324560767301776
894,51.58282515663338
895,31.315477603025293
896,56.48724590224618
897,51.85093755124123
898,54.27828930317018
899,55.583141862874136
900,51.1968163102572
901,33.12406754636624
902,27.243327188828818
903,28.45035381697372
904,37.0268319697528
905,50.015207659785936
906,57.023094039359655
907,31.181601219459996
908,56.250428871269406
909,39.293859069006615
910,51.644795298818806
911,55.39659151131441
912,54.74095160186602
913,29.321545436151542
914,54.66403086143174
915,58.87493528338046
916,47.75032020857616
917,53.58922122772726
918,56.54907077546198
919,56.416328301564576
920,31.567337378633006
921,47.54697415646236
922,31.504109557868066
923,25.802868272629947
924,36.49851411204634
925,27.711628785931193
926,53.98189641859811
927,29.520664482699654
928,51.21716984357397
929,27.690872733576064
930,51.773812201560055
931,49.76910259897552
932,60.90667669332333
933,52.744645364295124
934,50.56972216389886
935,56.581704132185955
936,51.68908105280018
937,47.1617371229911
938,44.21346070707059
939,57.208522965478636
940,50.47273571447693
941,44.530863123254115
942,45.18089800927018
943,49.258004099117265
944,51.94528525706695
945,52.24314434070889
946,28.113445345264157
947,31.60240646832223
948,59.96749548223498
949,30.277704761599736
950,50.94629285265737
951,52.90341229549782
952,57.858969874622034
953,26.54147360551802
954,28.32492878600608
955,35.71007643502752
956,27.212766616857127
957,26.643901058344024
958,55.96012011157371
959,29.296430336986557
960,47.39309353578313
961,27.588899825214142
962,27.046601505579194
963,28.653522593397188
964,56.11432285895472
965,33.11435808487067
966,51.71999672853141
967,31.748581039762623
968,49.103716628556995
969,51.4473477291086
970,46.26606208802035
971,53.158207457232066
972,48.68497115977302
973,59.703761739776475
974,56.83676596339016
975,53.74083399538965
976,22.909245302668236
977,59.111701675125346
978,49.574262958529076
979,53.20772871882853
980,24.61682290883518
981,54.58521308480116
982,25.71538243608995
983,47.820186747849974
984,61.77424626310836
985,46.99315427311135
986,52.7685048869529
987,52.846064849340586
988,58.03444691631735
989,54.237829670265256
990,32.94619288423336
991,30.307893002326818
992,55.890601505747696
993,26.651148112532795
994,42.8642437664604
995,35.17445610424707
996,56.27363173264279
997,53.41964826106504
998,53.272919241331934
999,55.99029906542369
1000,52.32743612350776
1001,55.76248553325257
1002,26.461056515425337
1003,47.94028913541133
1004,31.343855970116817
1005,54.30023536579214
1006,57.370615906378305
1007,50.99214781227069
1008,49.99797955133676
1009,56.23357374163213
1010,53.620254290014216
1011,34.634954303360004
1012,51.425151588855506
1013,55.31394113270808
1014,50.39528757259428
1015,53.473923863100715
1016,40.62159536780632
1017,33.57235763093134
1018,58.481678268644885
1019,48.4711161503833
1020,29.732819255127684
1021,57.73255997902788
1022,49.407255206566305
1023,57.99958444465675
1024,31.93523864439753
1025,51.8149252514624
1026,55.114585448757595
1027,50.55196731618659
1028,53.983669022276224
1029,31.594994425091567
1030,51.80679365196778
1031,25.738155813376157
1032,25.73463844165991
1033,56.11244043890968
1034,56.99259258791077
1035,49.830054898143004
1036,31.163683234455824
1037,55.809454964422656
1038,44.76682760621073
1039,33.32351305768751
1040,29.55743322349328
1041,51.10848342290972
1042,58.71950598205788
1043,53.978581278296446
1044,31.140556139864938
1045,48.890946274178724
1046,45.803358479210026
1047,30.92960503305304
1048,52.75342711269505
1049,50.74673548878939
1050,48.55994688282324
1051,30.14724383433544
1052,31.878562143429804
1053,50.84240474449675
1054,57.23008009622654
1055,31.280988758173642
1056,30.392795364570524
1057,25.714379103395903
1058,56.957229911314876
1059,45.62271860994945
1060,24.74652771368044
1061,28.19443030634333
1062,28.75457103582497
1063,52.64093910629437
1064,34.11964682915684
1065,47.14340199509949
1066,58.13936311991934
1067,34.221300265461174
1068,46.5915728874212
1069,53.55824736222406
1070,48.510295834040534
1071,50.93242113623411
1072,27.401907381097015
1073,54.11362524973172
1074,49.67500065798491
1075,52.95386184506486
1076,43.61372195846228
1077,54.32611440093057
1078,39.47265984616614
1079,55.74230775759502
1080,58.133354237959516
1081,44.81467309277666
1082,28.954821294102338
1083,34.1434391469824
1084,59.38864319010468
1085,54.99438920265157
1086,50.87653468360179
1087,46.158080418772116
1088,45.359703180551094
1089,52.89340554003989
1090,50.51750691254478
1091,49.102359329611296
1092,48.027535345994906
1093,50.05011760917111
1094,47.373356624252885
1095,29.3858607829415
1096,26.24596229155762
1097,29.308351985020295
1098,27.510751184016492
1099,41.3903230148946
1100,55.33297549747333
1101,59.93107641556334
1102,32.0086375134462
1103,52.90867141556518
1104,54.70706402909409
1105,29.660183987198614
1106,36.76167726045561
1107,45.7828229881828
1108,33.898884820661884
1109,49.534023737933964
1110,48.633646928013974
1111,53.981716360498915
1112,38.00855548116313
1113,52.463859643878365
1114,48.4923180688987
1115,25.25163826234449
1116,57.46510306051763
1117,36.80842655686101
1118,29.0437448418008
1119,54.87923339624933
1120,52.62460630010394
1121,50.919217347574744
1122,44.64680347135481
1123,50.47648973326459
1124,50.34972529074771
1125,28.772496609155166
1126,28.300552861095422
1127,51.048781271089645
1128,53.322307693618875
1129,37.499122432361126
1130,57.47776399329671
1131,53.29078802292005
1132,50.59612691235571
1133,50.549874748995954
1134,49.04476095439623
1135,30.40593586362927
1136,54.33577917542467
1137,48.94580940907676
1138,31.13870751711151
1139,60.86260861650235
1140,56.41238418972244
1141,59.9871444293077
1142,49.121835243887624
1143,29.390138240509522
1144,50.378493832429875
1145,56.96403557778655
1146,32.582235790924194
1147,44.922652636529975
1148,54.02061767791554
1149,29.08440572326864
1150,33.441117128514946
1151,40.99634220208015
1152,51.24753414857237
1153,49.35537282304094
1154,53.802113128290685
1155,57.12147992522607
1156,50.416150634500276
1157,29.882414071021827
1158,57.613007091581
1159,46.056949272104134
1160,35.615017206221
1161,56.11518973329591
1162,26.15703896817779
1163,61.03952820243123
1164,48.316553321394366
1165,55.53954188780759
1166,50.321454152676445
1167,29.602523299451484
1168,47.138802962768274
1169,51.53553084362225
1170,60.144280193811554
1171,50.41863125357379
1172,48.912260193889836
1173,50.65360419045759
1174,24.84926512705506
1175,50.258701862030826
1176,41.80663803367121
1177,53.62196192617429
1178,52.3733940864209
1179,47.67756930907073
1180,56.317220568458964
1181,52.09721939957356
1182,47.81972170344575
1183,54.54837757970136
1184,36.67394977356024
1185,47.56612842989363
1186,28.810350830887938
1187,53.51082814681031
1188,57.32323785436084
1189,41.08714949865836
1190,49.46715858676275
1191,50.24271936044564
1192,28.94466241589009
1193,45.916705094470366
1194,29.028270123795405
1195,49.103497626574
1196,51.735597498331295
1197,59.89450233398557
1198,34.62707529880537
1199,57.094904209404014
1200,51.472518769535235
1201,31.030688047596712
1202,28.569368964701212
1203,47.61321893130087
1204,26.04838173676443
1205,28.85259038300465
1206,47.90234451047833
1207,46.56546111867688
1208,31.833791329326896
1209,56.12068002215708
1210,44.92302860186331
1211,53.10401791117367
1212,44.35523192703905
1213,30.3242396339287
1214,51.310495122217226
1215,33.11430136548711
1216,52.798776989614105
1217,51.595358967559534
1218,25.397634553317236
1219,25.784891771862885
1220,53.13401150163854
1221,47.73884268784731
1222,45.16754063507182
1223,33.474263462429235
1224,42.98346069035306
1225,42.68886841703622
1226,26.918047355441296
1227,49.79783939599649
1228,48.589989654236994
1229,31.323752794274153
1230,28.866758329891184
1231,55.1739025965699
1232,22.833072661695365
1233,55.46665419757154
1234,31.133604477078276
1235,54.20457504503671
1236,51.36314692973025
1237,46.82482891493144
1238,57.105735672833426
1239,51.39102093467951
1240,55.37147533389898
1241,26.576178719916783
1242,47.61979876470598
1243,24.335968494483268
1244,31.15790575635135
1245,55.268937722951584
1246,43.95556308946713
1247,51.1281451813027
1248,37.95372210814674
1249,52.573796801435115
1250,30.44039015248945
1251,26.057273281343154
1252,53.24063866229945
1253,23.360475401580985
1254,53.069530865759056
1255,33.744819570569916
1256,51.57319479887159
1257,54.13586780668745
1258,48.14727456171316
1259,55.04258567713284
1260,53.130122452899755
1261,46.81312444620336
1262,49.89024320609646
1263,24.337266362415303
1264,28.192882187744527
1265,25.10796348469288
1266,56.954136584763695
1267,29.870013999870405
1268,23.57126944959163
1269,58.1799029784708
1270,53.687241955665606
1271,28.293934041294936
1272,29.448002399903938
1273,57.082753740856056
1274,50.510024423671396
1275,34.71267056419332
1276,54.601502750897815
1277,47.1068276185492
1278,51.788161603906765
1279,39.3461202941488
1280,50.99533414383953
1281,53.362767108204224
1282,55.09335844736272
1283,46.99909781316868
1284,32.90223121584982
1285,27.519582391820474
1286,33.38397541147267
1287,51.38288587566685
1288,57.730173144979865
1289,51.443086426357226
1290,53.34376877931938
1291,35.01396842753583
1292,49.6227513151288
1293,55.79091612875354
1294,35.06277138899268
1295,32.49839672949007
1296,43.867480650469126
1297,52.59519579986946
1298,33.62814133127041
1299,49.375451984533434
1300,49.897985674528634
1301,31.622036626651923
1302,47.56192116299903
1303,31.073645111209867
1304,54.773629462463774
1305,49.4676471736411
1306,54.24742149767646
1307,54.410707771823155
1308,52.307258134233244
1309,55.17718638762237
1310,48.82177706652643
1311,54.13513455165738
1312,28.158060528552173
1313,50.4859879230025
1314,31.637164212636293
1315,45.79954873232721
1316,48.632476294127635
1317,30.79439618385132
1318,43.7022133373975
1319,46.259251193148344
1320,54.16093426336129
1321,28.27567387816806
1322,42.05158071722969
1323,54.90641335226105
1324,54.128441913988404
1325,58.63107897195584
1326,27.031645843148237
1327,56.891319965672345
1328,27.99392532663349
1329,31.928363511526175
1330,46.798199554911506
1331,48.363363088038945
1332,50.7601601183634
1333,52.404110396358405
1334,37.665119398278605
1335,27.987177328777975
1336,44.81526848173479
1337,57.71556882795591
1338,30.33130486883789
1339,57.81904824295273
1340,29.391156987358123
1341,29.957675806366172
1342,58.10721122535928
1343,55.82872939520001
1344,53.983045311234015
1345,53.637842619483166
1346,52.90908518276909
1347,32.173357184805276
1348,52.991866687731616
1349,28.06437908883849
1350,53.151231037943056
1351,49.84480035254112
1352,30.91072216924665
1353,46.65110297735491
1354,52.15080785047431
1355,44.348974507022916
1356,33.271590730270816
1357,29.174348853447842
1358,29.820854382149065
1359,59.95534809218089
1360,60.00471531742066
1361,23.17708880670885
1362,46.980835403332165
1363,48.94315894962122
1364,32.37022771552701
1365,48.90179083132551
1366,56.04135736182756
1367,45.22660159897073
1368,49.68186242806791
1369,52.32749049852084
1370,51.78692655138951
1371,46.85012759759888
1372,27.348009875009478
1373,55.12950164354777
1374,54.06510974294976
1375,34.78247442696278
1376,24.335244682006792
1377,50.08915276099861
1378,52.68840972943485
1379,46.029099313404444
1380,50.041908356776624
1381,29.343625165083775
1382,34.50613467573839
1383,30.408863374731446
1384,25.025886042001744
1385,29.370984870495256
1386,30.13220606720959
1387,34.95087112736639
1388,49.87772571479293
1389,32.31354135223392
1390,52.29110779118775
1391,47.7915164567947
1392,49.42544480850865
1393,54.280017714159094
1394,52.367038141707525
1395,46.154064977274636
1396,52.75876553237298
1397,53.76464221531948
1398,56.28621442489917
1399,59.652883562852196
1400,52.16333959143048
1401,52.94406099741996
1402,27.338558187603557
1403,38.08239822864585
1404,24.962727070477175
1405,59.22708008830757
1406,53.87998775534601
1407,52.920565412009466
1408,42.49608043352418
1409,25.170787635532598
1410,24.65252954741138
1411,26.092713429667807
1412,33.371516086509665
1413,47.63069873675661
1414,27.544826257666895
1415,23.36062470519869
1416,47.865176223173826
1417,52.786418908708185
1418,25.207720713932982
1419,52.61618737189384
1420,29.372517816184704
1421,50.986271762777285
1422,52.799649985738284
1423,25.693015022090403
1424,28.64395398093487
1425,32.309106299098666
1426,53.96993814134083
1427,53.846428699146514
1428,52.40575482431988
1429,22.008715646438116
1430,26.04420191844771
1431,44.926101701195215
1432,53.507272718811635
1433,52.46341533967494
1434,48.22956236950395
1435,29.443155275729744
1436,47.71133950558528
1437,48.9249948882298
1438,55.29626224989444
1439,52.22298064231608
1440,55.03905999640892
1441,50.70541792493478
1442,43.64128020808885
1443,49.303402134089694
1444,50.96966990734581
1445,28.57067059423591
1446,52.57769546560107
1447,40.245584292786205
1448,52.59344238736146
1449,50.766154901450165
1450,48.875621820779536
1451,53.14784543457263
1452,58.88165205813026
1453,32.650097816944886
1454,33.2876565473276
1455,44.64904398343283
1456,58.09156455809492
1457,55.233328748893356
1458,60.21981462515732
1459,59.088943947285664
1460,50.146307670282646
1461,48.17924537777998
1462,32.35786664405031
1463,51.091400847381465
1464,35.55528305341013
1465,51.3799129094714
1466,55.719029041429096
1467,54.22291947272273
1468,56.74510149351483
1469,56.309225864216565
1470,55.56664193789137
1471,38.250126111722
1472,58.36518839679238
1473,56.538358327604854
1474,45.67701303384609
1475,49.76567602189396
1476,50.91862843839869
1477,44.20861496663229
1478,36.30818119834699
1479,34.15272551116056
1480,60.559544077260725
1481,53.92279806741628
1482,32.293675833204034
1483,30.859432323854964
1484,25.481688890944053
1485,32.8780283217039
1486,50.99514524619277
1487,53.89815451238919
1488,52.70285736882809
1489,31.66302824339727
1490,52.859905232447325
1491,29.924823950759798
1492,52.35307067495347
1493,58.95938431123212
1494,33.06621300402192
1495,32.92140679653359
1496,53.11895206235538
1497,56.63884764681887
1498,30.285080101154893
1499,53.586869392113755
1500,46.80809729282539
1501,48.734258024655155
1502,31.003657878044425
1503,27.95367625703668
1504,57.06736486094232
1505,54.35151614478262
1506,30.49615673795866
1507,51.13612134555568
1508,57.29919923877065
1509,54.71542690826672
1510,50.06520785313361
1511,44.596700887284
1512,30.08229475006245
1513,56.73140165549895
1514,29.69065862613008
1515,29.06997870897912
1516,27.187736169823655
1517,28.139030790623796
1518,33.05644850191701
1519,33.2901827468689
1520,30.510952266815334
1521,47.13800217334737
1522,51.87280119765069
1523,26.888972871778844
1524,35.805458201049525
1525,27.681688757785142
1526,43.450080458895506
1527,55.388004134515
1528,57.51497091145397
1529,34.24694424604567
1530,35.42639538409767
1531,47.107879754694224
1532,59.3413643192454
1533,31.437198240669474
1534,28.170378702875144
1535,52.719259912290184
1536,48.055681287458185
1537,32.27478713946052
1538,55.32207206213151
1539,46.7101671209136
1540,56.31011448917665
1541,59.505864411836015
1542,48.85902376556568
1543,53.479973036566115
1544,48.00332006107898
1545,52.38962904477135
1546,52.73873192606347
1547,29.273812172180026
1548,31.10244831368742
1549,25.934107298670952
1550,52.96518082314121
1551,54.02863780523705
1552,31.185373108174833
1553,42.26771713389063
1554,57.41066904483967
1555,31.53883110486509
1556,52.201755405833765
1557,50.61012896019097
1558,47.99865880973226
1559,48.88725980901691
1560,52.410124454725924
1561,34.48168934912698
1562,49.46042816462364
1563,29.235858359860615
1564,51.02590878368862
1565,59.493948119403875
1566,49.23487851331708
1567,48.89974116082654
1568,27.335032141889915
1569,50.14991089761998
1570,48.13774832432938
1571,57.83329497804284
1572,23.813361395587908
1573,47.4435346311203
1574,51.64663724072435
1575,28.452717594629345
1576,51.84770217303561
1577,49.22106524030063
1578,28.832630934231847
1579,51.03265612809956
1580,50.036888244712564
1581,57.7258880942075
1582,34.201784064689285
1583,31.58277425420889
1584,47.608803214582196
1585,29.168966075039076
1586,53.22784851854697
1587,31.041016301102555
1588,46.139078907839306
1589,37.76218361867708
1590,46.037984692523615
1591,55.085529030372825
1592,51.24463229171027
1593,57.29846249610829
1594,30.76446519603064
1595,51.175824756578
1596,50.773857386609976
1597,24.502161470986525
1598,51.980771288330004
1599,47.9747875860674
1600,25.350595000823528
1601,55.466928270588724
1602,50.60986126171284
1603,28.873342886907192
1604,37.921823696620145
1605,24.89245589658791
1606,49.69894394774548
1607,61.57275338450965
1608,42.73242683697964
1609,52.17826411197372
1610,29.522595730856402
1611,26.243945624941865
1612,49.77920399612082
1613,48.61491397779967
1614,49.047949199479405
1615,46.30553793567366
1616,56.58190927670039
1617,34.245524441642736
1618,48.17254069151761
1619,24.627663851313315
1620,48.46581326211146
1621,50.16269851051285
1622,51.401384086443755
1623,33.03398810036053
1624,46.7078958048646
1625,53.73554052265287
1626,30.40109027985883
1627,31.883844279006052
1628,52.76924163244643
1629,34.63698485248453
1630,27.35367385796682
1631,36.052773947989955
1632,33.31578278201193
1633,55.53105467941577
1634,33.660543659564915
1635,48.6055900869345
1636,30.449025074834033
1637,30.70757923118878
1638,54.14906086810783
1639,53.288563665876474
1640,29.588096750606876
1641,33.77124894279092
1642,60.275301738026705
1643,57.201807898795224
1644,50.09618347158296
1645,25.153782796639536
1646,48.100802536959606
1647,28.623971003024124
1648,43.755094946749914
1649,52.65463648234245
1650,61.473674029163405
1651,51.035935232339845
1652,44.275412723963534
1653,54.97315642626391
1654,27.276723151652536
1655,47.10596830946323
1656,59.0464254483748
1657,43.499984459539924
1658,52.43181159774427
1659,29.96895418704412
1660,47.9571424784329
1661,54.87225800295513
1662,32.81223361452198
1663,37.37807734728386
1664,56.16380666158915
1665,24.852705814418318
1666,47.86061657364538
1667,54.30732760662112
1668,31.604737875429986
1669,57.272277367150984
1670,52.316236494981055
1671,41.49581653650301
1672,48.928461991781965
1673,25.833126881324862
1674,30.60141801616791
1675,23.22894932821037
1676,29.280713647938047
1677,55.013824459284656
1678,30.700426581160837
1679,49.596743382298015
1680,46.127571773987654
1681,54.7162690740725
1682,49.13912041489236
1683,52.517917329874145
1684,33.85796889132596
1685,31.212581078915942
1686,45.91120913324516
1687,45.71946216078645
1688,56.29450181764978
1689,36.66923939120694
1690,35.70491948406003
1691,52.89663715809505
1692,30.631415275209317
1693,32.451998521313875
1694,52.00268990030033
1695,28.87631284777748
1696,22.731796989658566
1697,42.35046710693822
1698,51.279345505220654
1699,44.27999557467041
1700,26.33971412040459
1701,26.21977114337589
1702,22.430130435943965
1703,53.93409981068293
1704,28.607727468631815
1705,34.81535144831242
1706,54.533850320769425
1707,43.82042890212165
1708,59.96345773538557
1709,43.93160660086582
1710,60.36831830987773
1711,56.72806680366386
1712,50.95455281332306
1713,47.586037378909644
1714,50.383806511130814
1715,51.78133605092118
1716,46.37656867061359
1717,55.1614529864298
1718,31.119404756833916
1719,41.01900552453485
1720,25.062533676376137
1721,48.52803349314333
1722,49.85910930915685
1723,51.69746988147284
1724,29.945208581608156
1725,57.620083236837566
1726,47.44768590745375
1727,29.079582549090883
1728,45.82537639837902
1729,36.687622945202016
1730,31.220448009155742
1731,26.725067602423408
1732,31.969280261961135
1733,56.16130766930219
1734,52.14560399029402
1735,48.42930963136332
1736,30.54010223143476
1737,49.100608641089835
1738,59.720842796091674
1739,35.00765611279535
1740,42.96123043078057
1741,53.489230543004595
1742,30.176702606650956
1743,51.878433079737576
1744,28.627511982088137
1745,36.59940364202711
1746,48.77100332419174
1747,49.13241037621209
1748,30.4113677053758
1749,29.563776191581994
1750,57.87463068228792
1751,29.588350000958275
1752,50.09332921142633
1753,51.28295350513773
1754,38.73123262381086
1755,45.20782288781075
1756,54.76732733447674
1757,50.83674413387181
1758,45.66428122683041
1759,29.11681024019714
1760,54.44240399158477
1761,32.18818083270985
1762,49.84861480062558
1763,58.226665148348495
1764,52.753511674895144
1765,59.55439069250596
1766,28.147049271436444
1767,53.58475380420706
1768,28.465945109114326
1769,50.263500863422394
1770,55.17052092043785
1771,63.89393368630535
1772,63.96190732746406
1773,32.86676404848503
1774,32.25241679076598
1775,29.418084914645544
1776,55.61867861465088
1777,53.698477320942544
1778,27.56365888514083
1779,46.25769681374724
1780,49.589597005458735
1781,31.557760741630624
1782,49.95980936546391
1783,26.125566305679712
1784,54.15674390204726
1785,51.135050155929136
1786,51.284885195188366
1787,50.526844718375784
1788,49.951559245388864
1789,54.556861599746824
1790,53.11400507499915
1791,58.04425900657576
1792,47.87588698681045
1793,51.382927607623884
1794,29.730043745643584
1795,52.56169610823486
1796,54.17935366431244
1797,51.15380877044526
1798,29.171181162107995
1799,50.828866893879756
1800,56.630082572941376
1801,55.906836222534594
1802,36.763079626877975
1803,44.174124940629085
1804,55.973981704548656
1805,29.45973410252542
1806,50.0783041570863
1807,48.65864486351383
1808,53.33594210595354
1809,32.72633401131289
1810,30.586810948089862
1811,30.440450092222065
1812,52.79090704937856
1813,34.53569018241686
1814,31.347566883155334
1815,30.417237331711963
1816,28.49184954967259
1817,56.706024735619614
1818,33.72833909572258
1819,55.73927556992976
1820,54.498635290107885
1821,44.88257131655394
1822,49.09185815261829
1823,45.939610624474376
1824,56.44272364064756
1825,31.48282672276253
1826,54.1520072544715
1827,53.77366772989369
1828,37.80540422627195
1829,43.50933729990483
1830,51.473680782480464
1831,52.19504335382505
1832,58.43533106663012
1833,27.366080086410758
1834,28.295518372319012
1835,28.687158788097136
1836,32.30683181482696
1837,52.52684455474136
1838,47.2437965403405
1839,30.521707190870927
1840,57.59823483338842
1841,50.59965876758226
1842,26.002092633758473
1843,57.54855627932863
1844,50.21335292279485
1845,31.54612798267608
1846,45.77396514835649
1847,32.79275210089097
1848,50.26471012297094
1849,55.43695895818042
1850,31.287437066999463
1851,52.482979923802496
1852,30.561015959022825
1853,55.06786361370699
1854,57.87025370558943
1855,57.954332715852125
1856,50.64431561010723
1857,54.56217887762612
1858,27.112981518334454
1859,54.75666008491147
1860,52.03383069402032
1861,32.23908571981864
1862,29.962142826107833
1863,61.51565995165013
1864,43.03401572088777
1865,54.26295165294355
1866,25.667312936813936
1867,53.213510309911804
1868,48.498377090067855
1869,47.66118944090697
1870,29.944270101752515
1871,49.145783789262275
1872,59.19669998721549
1873,48.44021645029392
1874,27.750525851361555
1875,56.01549072296505
1876,30.12285337228087
1877,55.06153504353902
1878,52.60769925624914
1879,30.038350151304407
1880,47.83185990618325
1881,47.677952954950904
1882,53.206656046049574
1883,33.968864464385256
1884,48.21961826841877
1885,50.222079623221106
1886,26.907704812633227
1887,56.97255284206786
1888,34.83442650156776
1889,55.00044449218043
1890,58.146108736104765
1891,49.45434773353026
1892,30.634401899582368
1893,55.69106321017483
1894,26.712288062297024
1895,59.365372403662064
1896,33.67373288347439
1897,37.430621291227986
1898,58.24130092199128
1899,44.50402791438433
1900,45.22100448801398
1901,52.73136442998637
1902,26.938484547557533
1903,35.57019486986558
1904,64.75913178840509
1905,30.579198888428625
1906,48.80936626292175
1907,55.710081768205065
1908,25.779205499890697
1909,50.639152497573754
1910,32.39474789892822
1911,21.53494095586393
1912,28.0996105446029
1913,47.4554724458555
1914,52.71159274729253
1915,31.076168199586508
1916,52.94723062518166
1917,51.7664746193208
1918,47.63297760685485
1919,50.04805905098833
1920,49.17109056206882
1921,55.16308164493258
1922,32.041120457550186
1923,48.76463007355877
1924,26.66852825007066
1925,34.65150533556761
1926,29.261208912137693
1927,33.38315312147928
1928,56.28941133880961
1929,26.530598682735963
1930,47.61362025162563
1931,52.982423305444684
1932,47.867243727868626
1933,35.28950846006042
1934,52.61804187997127
1935,50.76275176890847
1936,55.47338804857412
1937,53.34239002305172
1938,58.215918720807956
1939,54.16447120225887
1940,52.984295130366576
1941,29.695888346765333
1942,51.02520453776504
1943,30.206578716933453
1944,55.086625509731675
1945,55.06896425671987
1946,57.65517203519999
1947,26.723277612343328
1948,33.137342477972055
1949,46.04147272660458
1950,57.23923913260526
1951,27.647737533066348
1952,31.35608861404554
1953,53.24710085751432
1954,24.28013171709161
1955,53.944534673687286
1956,30.707699048118815
1957,52.18089893366959
1958,58.19672844725179
1959,51.52355103763312
1960,50.415665616788566
1961,28.360710481932568
1962,34.82099170181326
1963,56.55299090670803
1964,52.50964242837468
1965,49.44614432743299
1966,56.390465947161935
1967,47.412396225230594
1968,36.064615889605165
1969,49.48158820025295
1970,28.770838419674224
1971,32.163042907760776
1972,23.113284061000417
1973,44.95984398125705
1974,55.749578717433934
1975,37.61569094462269
1976,48.918319657981506
1977,32.202998927014804
1978,45.241266073721
1979,46.07939132447141
1980,51.75020830197112
1981,47.36142994167405
1982,31.400463214707457
1983,52.08332436677344
1984,34.02664558718583
1985,51.272749878323516
1986,56.62314442955781
1987,50.149899575405264
1988,53.3606108609394
1989,33.66312051088268
1990,50.83587529022818
1991,48.165478990540706
1992,54.71768523937178
1993,27.396869719056898
1994,30.67240761727191
1995,55.85841733258571
1996,53.01974687219135
1997,27.94555717279235
1998,53.34942746880282
1999,48.867666386776776
2000,46.9280252022417
2001,51.88673309663514
2002,26.01546412231166
2003,54.378326025972314
2004,52.780739162654285
2005,54.12742986741046
2006,47.3209948719922
2007,25.083227235696828
2008,30.047939259057454
2009,55.72141090671979
2010,52.066703395502266
2011,45.11738234101621
2012,49.5125043550554
2013,35.02682934925584
2014,51.146444983746726
2015,29.769643873710923
2016,46.6336453430333
2017,26.156353705778415
2018,46.3085644343824
2019,25.96568846643579
2020,37.9106584783863
2021,51.170806637567594
2022,28.84943989657058
2023,53.70789526866921
2024,52.11991534725746
2025,32.38688288158489
2026,49.915054697331094
2027,62.518649662621016
2028,47.43595832552134
2029,44.18586056479831
2030,31.981830191399407
2031,58.291539297320426
2032,33.33049453997856
2033,53.74075363189197
2034,51.51392436192819
2035,49.9056863395584
2036,58.58665108860698
2037,42.17757847223726
2038,55.90455235431018
2039,57.78112191739295
2040,50.2178551455567
2041,50.02965170707154
2042,45.74999611838329
2043,57.701674310264444
2044,47.51083259622536
2045,27.385709839442313
2046,50.30545220159065
2047,21.63732661538916
2048,27.14565118238359
2049,25.197043182447455
2050,52.05333402333026
2051,26.676049948356685
2052,46.69783267678302
2053,54.88628067683621
2054,38.516093375790696
2055,51.68181090601706
2056,49.371454575020124
2057,51.34425350654278
2058,31.39077400398026
2059,52.14632569842505
2060,53.61975408734706
2061,28.617392870594585
2062,30.128116099567617
2063,55.72106062182856
2064,56.14427740175448
2065,36.508967301054234
2066,57.026197754970866
2067,24.958485034819084
2068,32.40240329805446
2069,58.27778459558408
2070,33.01367630852841
2071,32.66797678421175
2072,51.68613512712987
2073,57.10856134622012
2074,54.33660184307626
2075,51.570781685799524
2076,52.10552302176441
2077,52.61297337776012
2078,54.48601926574083
2079,56.124849861630956
2080,53.964472436514164
2081,47.87940475222758
2082,27.070782604311052
2083,51.59082522193566
2084,47.04375069621691
2085,32.693118147664734
2086,26.356325904174103
2087,48.469549692398154
2088,48.333339030734734
2089,55.52144126365362
2090,58.8877510803381
2091,44.458250432289255
2092,32.87829352703718
2093,27.886826380069593
2094,34.952366126731015
2095,47.989651198713034
2096,29.16175452052708
2097,39.49310532281813
2098,28.055329324753515
2099,54.48853936936607
2100,31.975599512584175
2101,53.07422864890572
2102,56.45079356977371
2103,41.687257834577125
2104,33.27648567467136
2105,47.571297999219674
2106,55.250267593590465
2107,54.55222797447583
2108,56.68505326236555
2109,35.271286589798585
2110,45.93921489461054
2111,52.71157422831938
2112,35.680737234864885
2113,55.44619253643157
2114,51.48580940015319
2115,50.65753085234456
2116,33.416792948400065
2117,57.04361658609771
2118,44.486342599363134
2119,51.746203041293555
2120,30.039677648530244
2121,28.758273200421662
2122,51.75949413186675
2123,58.69197345828167
2124,29.96139174463271
2125,28.934962150075417
2126,49.48475679619062
2127,44.2110720379721
2128,53.323030459527914
2129,28.05129255939273
2130,50.92447235821851
2131,47.49336372561735
2132,51.31628586098187
2133,33.76591174601381
2134,56.697419749677636
2135,32.095041294193585
2136,56.08272898982106
2137,31.12765931942943
2138,36.313076647402596
2139,53.98042591296178
2140,50.28372970696528
2141,30.513488176702182
2142,51.711714343350046
2143,54.59711225323343
2144,52.14194456559741
2145,34.239985885503636
2146,24.02549433858719
2147,26.53139278152106
2148,27.47825112870535
2149,55.16156950684818
2150,63.810447625966766
2151,51.96145168755711
2152,54.066640860307864
2153,47.61420454237758
2154,54.481012496791884
2155,26.0056809944053
2156,30.978886671676587
2157,41.84324043379537
2158,52.37602588917837
2159,57.800622604173405
2160,55.12653494240228
2161,53.414712457719546
2162,35.195648785500126
2163,48.85163256653636
2164,31.727053955796627
2165,50.21176258384121
2166,55.26797700566824
2167,31.387488121146678
2168,27.075371716448227
2169,39.80510251337677
2170,38.53283449992906
2171,40.448411758067955
2172,29.57400735153959
2173,34.67249023882786
2174,32.9711100933452
2175,57.08306577815798
2176,51.53672727171652
2177,55.297318765902354
2178,47.04979452244782
2179,26.297773663300855
2180,31.847355502904374
2181,31.416609192905348
2182,28.325274968988744
2183,22.62926786647342
2184,32.22021768645901
2185,55.03992979204775
2186,31.323216266286543
2187,25.221075012080775
2188,35.72363595176053
2189,34.10241929954344
2190,49.56281089809277
2191,34.42788452567615
2192,33.29165424030257
2193,48.981209816033484
2194,53.98560393025932
2195,30.833019982200934
2196,53.35582220869097
2197,51.50033451879484
2198,48.23552022271258
2199,28.478144683851742
2200,32.504723369873474
2201,59.61631461327215
2202,58.626701900485074
2203,50.62528571409262
2204,54.711784251217175
2205,50.17565581129666
2206,25.997938559269578
2207,53.89320147351498
2208,40.78037168002213
2209,26.966674071830216
2210,28.91375349262979
2211,33.99301842830273
2212,31.172802036328147
2213,53.06061237035983
2214,52.474670083356344
2215,52.55161205088426
2216,36.18658698642225
2217,51.34322791096302
2218,58.790716239790704
2219,26.96156698479697
2220,46.99753462337703
2221,57.616253851223334
2222,48.40876801402968
2223,54.23766638470569
2224,27.833481301541177
2225,31.95913132978425
2226,59.19234708707565
2227,45.19154431655138
2228,47.06079182123509
2229,31.028558890110773
2230,29.183131845878965
2231,42.69359273614669
2232,55.34139428947925
2233,45.27723055842535
2234,49.66461445651321
2235,28.38902059931493
2236,30.91852762070926
2237,53.94402443566179
2238,49.38179627065942
2239,50.45330476971396
2240,42.60856440126437
2241,50.784423279060164
2242,61.49129610559195
2243,56.94817348410277
2244,54.66158081591841
2245,31.047215632899146
2246,49.95036748078668
2247,45.92512028743095
2248,47.32178851178088
2249,28.45714408523893
2250,26.54809484803707
2251,28.396088545749013
2252,48.76659770063759
2253,47.12647529630636
2254,64.55706738767275
2255,31.08841343661932
2256,34.91783493704074
2257,32.73315865990978
2258,31.670921677248085
2259,42.907989818554086
2260,45.79580673067877
2261,53.547100188971484
2262,26.76133895507041
2263,59.77063119642478
2264,50.88678216417688
2265,30.817521770324156
2266,44.3702201932828
2267,51.83012734545852
2268,52.475400837219354
2269,57.018757528997995
2270,27.627520946279265
2271,54.066814648746956
2272,57.01903497693488
2273,50.13814315735434
2274,58.441669127165596
2275,47.508721502346695
2276,33.387063022126554
2277,25.27355087487961
2278,53.21784891034386
2279,51.84344272101083
2280,50.599008617679665
2281,55.681419724967455
2282,51.138028802250254
2283,25.12558040459248
2284,51.62008066939262
2285,58.22048393578584
2286,51.777596097039975
2287,48.61852764640398
2288,47.46397893133925
2289,49.97486251327267
2290,31.71813233562242
2291,28.97855110460452
2292,24.36181966106037
2293,32.46968859496618
2294,48.09824809657695
2295,53.17850871019758
2296,25.39976860362425
2297,30.497892936319587
2298,47.114098386815755
2299,53.4100670406602
2300,54.639927125045496
2301,50.64528222016386
2302,60.51261112528982
2303,58.99239096899289
2304,45.18444398174761
2305,50.89650457934441
2306,60.74314180435538
2307,33.12196671019946
2308,33.72272968785838
2309,35.010740998507586
2310,57.695546305004164
2311,28.871752322846366
2312,46.67091875508873
2313,52.93545073310348
2314,48.711785352104904
2315,52.870271138089656
2316,34.699635585748204
2317,54.6119432929692
2318,55.87415111800809
2319,25.987987081066716
2320,31.134626941857693
2321,47.14134029341131
2322,32.994783956357715
2323,31.496485349490627
2324,26.424001148635824
2325,24.260876860965798
2326,32.55791314626167
2327,56.11992202916275
2328,38.93126975623867
2329,49.160213487418744
2330,57.25568878578697
2331,34.3088718481631
2332,56.15336214821111
2333,33.172303964552995
2334,42.077776986743096
2335,57.102181854054656
2336,31.095400295024113
2337,32.33785600123662
2338,52.7258040292593
2339,45.60828223086341
2340,53.036278563446736
2341,33.653517217983804
2342,62.226699137685365
2343,32.30007061858675
2344,31.58565613686616
2345,26.373266789188715
2346,23.768931343274225
2347,53.98795206339123
2348,54.00589151475952
2349,33.874161764933014
2350,49.576456540794695
2351,32.97169091563731
2352,55.62704018466072
2353,28.254341357420014
2354,61.23412531750059
2355,44.20075770097479
2356,56.78880123041197
2357,35.24933539665115
2358,22.38042166087016
2359,51.72801044613453
2360,42.10054765786523
2361,46.79190707357991
2362,51.326731022048286
2363,53.49727303202489
2364,50.1905546785938
2365,22.46820931069775
2366,54.61839170777483
2367,45.16412420691406
2368,45.46543878795269
2369,28.683594779747963
2370,24.851782405884958
2371,57.17444491355213
2372,50.048900501797036
2373,58.445346747418306
2374,54.64706679866737
2375,49.35519668521741
2376,46.052109435598155
2377,52.81199893159754
2378,57.79367161580258
2379,51.28666290918046
2380,55.43868622703424
2381,52.588936331407716
2382,64.06758798827086
2383,51.9315808680669
2384,53.51145888881055
2385,48.52424276812196
2386,19.437389286777304
2387,50.70817627671405
2388,41.93529813903912
2389,43.14572337436007
2390,27.737367279257494
2391,30.874951439611586
2392,48.29306563557925
2393,44.161674544582446
2394,50.57173846318778
2395,24.643945235943153
2396,55.314043214392655
2397,47.361225089757816
2398,52.453600007393504
2399,48.82707032566949
2400,27.342946009522038
2401,54.017324751902116
2402,40.70948680333035
2403,51.66603959280779
2404,48.79088987407867
2405,33.99384710260197
2406,58.73067812672006
2407,48.87658796273371
2408,53.97687009968697
2409,51.00146803941019
2410,48.882440304328846
2411,31.128267239149853
2412,32.99634495739294
2413,47.21630725301279
2414,28.766412421635174
2415,47.74569763776517
2416,50.47210560546844
2417,48.94731629494336
2418,57.344777664225504
2419,29.32198445735574
2420,54.13397335914279
2421,50.110833956746994
2422,32.9364673155518
2423,30.344153675376102
2424,54.88590110030411
2425,25.96894227863296
2426,32.83619818376082
2427,28.616068438944044
2428,47.1346831156383
2429,36.91133401017848
2430,29.57519196763676
2431,35.12809360914542
2432,45.76019606858154
2433,30.651383067179292
2434,53.93675252449393
2435,49.14281389432796
2436,37.68331113355491
2437,51.669294442662554
2438,56.11073193115558
2439,53.22646148574948
2440,34.332410042734075
2441,48.42209376321836
2442,49.2379570713867
2443,45.485746509789315
2444,54.969315059663266
2445,56.04444029458288
2446,44.69308915336286
2447,28.54800619159855
2448,36.808060126247
2449,39.50587491930918
2450,46.29943790067451
2451,26.327993181994163
2452,34.81156018484307
2453,57.05598700402643
2454,55.64622056791042
2455,31.695368152576954
2456,47.33232414967076
2457,29.013875765909944
2458,50.754934901569534
2459,30.488552935938788
2460,31.978874341039685
2461,31.01874651630163
2462,52.16786093076723
2463,56.6967892438446
2464,42.4366367045178
2465,27.284378893551484
2466,28.429892725965328
2467,32.951812259938706
2468,54.485190511770085
2469,56.81918526042633
2470,50.97952036493912
2471,48.20038870173282
2472,43.44961004164296
2473,48.97700323687522
2474,28.49656511138127
2475,49.395150368092075
2476,26.931688484081516
2477,55.04890363026676
2478,50.55299343324381
2479,52.000540474070476
2480,32.487590834068364
2481,55.253274831792645
2482,43.92197328399095
2483,50.844450785797726
2484,24.472364578476363
2485,32.506684987304446
2486,55.98301471073173
2487,35.62968785130291
2488,52.498253944989564
2489,29.684315826868858
2490,33.82651674724971
2491,52.02941011571282
2492,35.080827882239625
2493,55.605280150992854
2494,55.746337745474534
2495,46.80853042693865
2496,24.81841879402211
2497,45.13147412321332
2498,54.2345122386165
2499,45.479173173768615
2500,30.031931765610338
2501,48.75874373819928
2502,61.00357936216195
2503,51.229138430086024
2504,55.52298926232269
2505,53.81333845720739
2506,34.64493313761495
2507,48.63249444973451
2508,58.21104040836826
2509,48.88455345161091
2510,46.37141312700553
2511,52.93763082832968
2512,52.99281649620311
2513,53.91178080378498
2514,30.618150355121834
2515,36.301421447246476
2516,23.83480277632684
2517,45.48540970068632
2518,56.363822564908965
2519,31.709900525350168
2520,32.00496273913439
2521,58.285900263164244
2522,49.86210648263754
2523,27.689764923805644
2524,31.873515678895824
2525,47.736909431966275
2526,31.291688064111217
2527,45.20323823041451
2528,52.13720074850789
2529,34.1822608836667
2530,46.815648938255286
2531,44.13130646242396
2532,54.22490501136227
2533,42.10737489752366
2534,51.69162417588185
2535,50.472469255335696
2536,56.01276189117801
2537,56.2663476074218
2538,50.52521253534296
2539,51.294299519568305
2540,49.233930885846185
2541,49.7376182594712
2542,47.833847658677705
2543,49.60834776295687
2544,33.575951265829495
2545,60.47543953968255
2546,49.68292636767383
2547,45.30665134174165
2548,56.718988306459245
2549,56.14445690477173
2550,27.559811827517784
2551,31.223103545667453
2552,26.067855793329986
2553,29.996098213909637
2554,28.97695898339416
2555,55.624980008486396
2556,60.33549760636727
2557,53.39135837052782
2558,37.14538524785771
2559,31.506461736972756
2560,51.976602747402325
2561,56.38402161344651
2562,51.42237318490795
2563,59.113596031952746
2564,53.746179341198825
2565,41.438725283591886
2566,28.69662000106153
2567,34.98179748819324
2568,35.98418939792344
2569,55.470664647000625
2570,47.93011591206561
2571,50.996653167348505
2572,29.328831766800544
2573,30.684896641341606
2574,50.12510453300266
2575,26.467085141030775
2576,33.18849653676242
2577,51.93206719102309
2578,50.33816784652535
2579,50.0452080924298
2580,27.551355456890537
2581,39.08692421101655
2582,33.2430058287319
2583,44.8623420699679
2584,35.61478215006983
2585,33.334013648709806
2586,31.86890262738253
2587,51.82761896528468
2588,53.536246573380915
2589,26.30520991127287
2590,27.615713930525413
2591,48.97274447514171
2592,50.30635715020562
2593,31.027202692932434
2594,28.00840045068847
2595,50.6614442465609
2596,51.948393156566475
2597,58.230939164094586
2598,19.928755903734412
2599,32.52392847867554
2600,46.236037627152605
2601,43.63658395857586
2602,48.80282597776295
2603,43.87037922303512
2604,23.74955654539215
2605,53.65985394645729
2606,48.34320043811658
2607,54.60849861482248
2608,45.899692975017935
2609,54.983728167136285
2610,57.5826657408704
2611,32.84992859029279
2612,49.77758497352876
2613,44.418669242398025
2614,54.212624254238364
2615,48.510602614370505
2616,48.975696904240195
2617,50.87818067567546
2618,50.53351290629655
2619,58.086320000967746
2620,53.43402056866383
2621,52.18928033170688
2622,57.28931217722952
2623,61.04880897823224
2624,58.640888260497306
2625,49.036008185156724
2626,35.71138074998605
2627,43.76270443690523
2628,51.670697782629105
2629,55.218219594898045
2630,30.41203381218496
2631,23.039115123239277
2632,35.96968731963736
2633,33.28473084430028
2634,60.86502755820615
2635,53.0337137386057
2636,52.267919812139574
2637,30.791422492740384
2638,53.61832267192665
2639,32.92475564112315
2640,47.927340401075156
2641,54.09497955066042
2642,54.14376167835881
2643,40.22693980026963
2644,53.21671876585881
2645,48.6805112177116
2646,29.700611111907033
2647,24.53969744830879
2648,32.134189828972424
2649,50.46198156637702
2650,51.34958753877498
2651,31.537825379185108
2652,50.17108717683941
2653,48.54782698514567
2654,28.090887280200896
2655,45.464175827911525
2656,32.0720084670657
2657,51.162848084754046
2658,45.32799221919136
2659,49.20703152736386
2660,50.53119535755561
2661,41.28414887012002
2662,25.473757852105003
2663,52.296168516288844
2664,28.31792131873173
2665,34.57262446763309
2666,33.80450046412603
2667,48.84751084704559
2668,65.33918552319778
2669,34.56068453347268
2670,51.984213950280186
2671,27.230376305363578
2672,35.87031429265627
2673,47.37451013402844
2674,49.41784994301465
2675,28.442063640001688
2676,56.54440273764647
2677,41.458672120384556
2678,50.55173115616119
2679,35.58368120868371
2680,52.566234768661346
2681,48.79816024513678
2682,28.320706264165654
2683,50.19226269577123
2684,49.20833467076402
2685,56.07596317466959
2686,51.797772396659454
2687,31.18518844671559
2688,50.144702171647914
2689,54.65677223494782
2690,53.26056097370152
2691,50.69215573521239
2692,46.9686333004267
2693,54.74569136194043
2694,29.753383709394406
2695,34.109888667576634
2696,46.2374603237739
2697,35.37641949464542
2698,58.58340934466391
2699,26.48545121955014
2700,23.640759825502002
2701,50.29145581624548
2702,52.29618651021261
2703,54.17896638796876
2704,52.70537152392642
2705,48.05433861780834
2706,47.304390651366205
2707,52.246081787732564
2708,29.16526304348888
2709,25.39779459934002
2710,57.57318686073317
2711,48.005023411737184
2712,36.12297053872143
2713,58.51345744528796
2714,33.26428406088461
2715,52.756744580834095
2716,46.45704330395844
2717,52.27252207379289
2718,31.06850372037741
2719,47.328906003691095
2720,45.384697493172666
2721,28.961561192069553
2722,22.259689230515605
2723,52.88278894560252
2724,24.370347552244088
2725,52.214271431660805
2726,34.21428143582327
2727,45.60529890033013
2728,37.07741310704498
2729,46.718658202440736
2730,52.385220706455016
2731,32.264924796116304
2732,52.76852256031399
2733,34.49597380203311
2734,56.44692164574209
2735,45.288843757643036
2736,55.42270700783044
2737,49.326063316741255
2738,55.905764048846876
2739,52.65880258839636
2740,45.57387529805625
2741,42.41998684637393
2742,38.25052600272835
2743,46.45793735411187
2744,28.30390114646919
2745,59.6288613586495
2746,49.487202418887456
2747,46.58329013473708
2748,22.19367767656545
2749,26.49394926477227
2750,55.14504890289985
2751,26.595851127424517
2752,56.28770434450036
2753,56.04277133155665
2754,51.11024911024727
2755,33.76344524348336
2756,47.9346869586747
2757,29.7276848448146
2758,58.73741377098986
2759,46.20452243409705
2760,55.60811186893231
2761,53.39747011838857
2762,52.663014576037604
2763,47.03588515287376
2764,52.65642857716877
2765,46.59145646401715
2766,53.524311339060134
2767,51.044358945881534
2768,48.12036859103991
2769,33.39477595333344
2770,57.10637189921033
2771,53.911855122817805
2772,49.452139146709904
2773,50.4199922410205
2774,55.51378562812646
2775,30.05019830582834
2776,50.56107750285015
2777,26.271243151255845
2778,53.26653344849154
2779,32.47897726848387
2780,55.167795360030844
2781,28.683328265553616
2782,31.098635193606743
2783,54.38079430675398
2784,27.18748830638113
2785,42.91632524242057
2786,56.10823770316134
2787,30.358780214254384
2788,26.9073907840674
2789,30.382176627461472
2790,29.51883204891214
2791,58.958140429265804
2792,27.60134844461782
2793,28.234432418698688
2794,51.83454061896784
2795,36.30758748390546
2796,50.69909283881032
2797,53.25587603763532
2798,27.216596273026706
2799,48.286074678468545
2800,46.918647457182686
2801,55.8177234354959
2802,40.151702709394506
2803,51.103588130552644
2804,55.03911783584344
2805,32.88459032044197
2806,31.754189363804027
2807,51.64482647069261
2808,49.678201446071576
2809,54.145647351040665
2810,24.102904336324116
2811,52.61452516688312
2812,51.11866188392586
2813,55.35268395508949
2814,53.99984167305409
2815,41.30619567382873
2816,29.73344963159231
2817,50.55036749742359
2818,31.32063718347476
2819,32.03325206473142
2820,31.238314513226364
2821,34.523897520716694
2822,33.45061526558014
2823,49.94890286896723
2824,32.93590210721179
2825,54.280664252706224
2826,56.536688723259424
2827,54.521729353994566
2828,28.198089913530342
2829,43.51366337176657
2830,49.14534165482293
2831,47.39424221836775
2832,35.555287541845644
2833,51.31165364606823
2834,39.55755052959972
2835,55.80000270236148
2836,51.71314886869648
2837,42.96064563349005
2838,56.94147616199527
2839,50.91616561456762
2840,25.087870629308064
2841,53.06926369185181
2842,46.98316710198495
2843,57.0168808358356
2844,51.91464527590926
2845,52.10392539236265
2846,22.23805897338369
2847,33.700025826793585
2848,49.62566409847824
2849,55.36851654004366
2850,50.97033675657926
2851,54.872632899990236
2852,29.209590556660025
2853,27.118382424481954
2854,45.08212481545453
2855,51.356168661983624
2856,50.708224151892324
2857,46.58824657347686
2858,49.35638633088629
2859,25.35754722985145
2860,53.0730980692147
2861,32.15150014729314
2862,54.747894210016334
2863,47.77730090637303
2864,51.56702334542053
2865,48.827922075010434
2866,49.574672826178436
2867,52.334668739189524
2868,61.327604117080504
2869,32.89238913785675
2870,34.295496005958725
2871,28.76921392873146
2872,55.29415801154612
2873,25.23212229705803
2874,56.52764333361899
2875,56.759033910511704
2876,56.241063955081785
2877,49.827956325637885
2878,46.92659527863335
2879,55.26024079932439
2880,47.88619887452006
2881,47.44875948807797
2882,36.01478887647975
2883,56.04481894705715
2884,45.0863168481308
2885,52.95547843051859
2886,50.00518143705761
2887,27.81009764973598
2888,59.4220207414146
2889,49.91049700269168
2890,35.160981702686605
2891,48.40256189470151
2892,29.27387201253356
2893,56.29088506951032
2894,57.562223250448746
2895,52.72110425486507
2896,54.06883819786358
2897,32.79505559724602
2898,48.70913223129572
2899,53.02494365317589
2900,59.98669210628952
2901,51.86156730199515
2902,52.96155594217344
2903,33.266913131416715
2904,48.925199771832496
2905,51.25941468235637
2906,29.307330536013275
2907,52.84272657769417
2908,31.958717171335536
2909,59.873308614474155
2910,57.569763049426555
2911,31.509414724277303
2912,29.71727689912466
2913,51.7224899819404
2914,53.57463297677982
2915,47.46723790466499
2916,48.84898624035699
2917,49.81512546744877
2918,57.85912876733613
2919,61.081548049650415
2920,51.08614072076034
2921,25.064003605718515
2922,54.55287362928166
2923,55.39632743356714
2924,33.63376109890182
2925,37.06168570789109
2926,31.848726244381464
2927,31.078281271348665
2928,58.87834077824594
2929,52.096785434032476
2930,50.16759586197994
2931,55.92669090548582
2932,58.73332324820074
2933,54.286661324036636
2934,51.52895845169524
2935,53.46434608610658
2936,54.53032916373751
2937,49.79855692746779
2938,52.87969134151635
2939,51.84025875833561
2940,55.01619059428921
2941,51.731091702121404
2942,54.58874612876103
2943,21.049051156253213
2944,47.86698509109264
2945,32.11064037515799
2946,25.662734599716604
2947,51.372090842440734
2948,53.64669066524568
2949,53.964517937885475
2950,54.88316657303749
2951,53.16240997001881
2952,33.347833180945116
2953,25.231723614219817
2954,29.88253455588755
2955,57.24732373773556
2956,39.23058831449773
2957,33.781158848721155
2958,47.868456825915295
2959,35.0989589684328
2960,57.77314935153502
2961,51.46998380721053
2962,31.14004815860501
2963,29.81985306824645
2964,57.380413496468705
2965,59.22167576465694
2966,30.77360972190383
2967,55.97105194487254
2968,31.034732584275645
2969,51.513489784811014
2970,40.91586117888267
2971,52.70850870396158
2972,55.5028858025065
2973,49.653237987525806
2974,55.36427198181552
2975,49.00414063714566
2976,30.675682209573903
2977,55.5488917470476
2978,49.39769748078979
2979,50.65732544974833
2980,55.21988710023099
2981,28.696839408560304
2982,57.00627477818564
2983,23.925141759458594
2984,43.35231188612042
2985,54.92384438279314
2986,48.09927549631018
2987,46.551778731660754
2988,55.109656728958996
2989,26.953838953077778
2990,22.747828300236275
2991,30.22916376337948
2992,25.8596233961776
2993,51.90338178229988
2994,49.860358528691066
2995,30.3492139783472
2996,51.6731255188341
2997,45.254291572640234
2998,30.47586661026103
2999,46.47701972513032
