Id,gripForce
0,50.614562983066094
1,55.53499284820469
2,31.364424507374636
3,44.41535834730261
4,33.52398757356413
5,55.65379036166146
6,28.733640734075852
7,53.400647081418036
8,29.486528388200746
9,43.661267188031886
10,61.67360492958376
11,52.22644739675449
12,54.895224408089234
13,57.58488781926612
14,49.75195599691555
15,31.37119432131278
16,55.69347045908388
17,26.951509082771704
18,53.603692627952874
19,28.703269857359505
20,33.74653589199966
21,54.69422730544008
22,47.362115797553834
23,48.552884076770766
24,29.848339872336307
25,48.62134983177187
26,33.47367741107484
27,35.0140054629239
28,48.54271877707814
29,50.080970742289466
30,49.65812218895283
31,43.500289512967804
32,39.32225955517486
33,55.15112070330951
34,31.20546142451244
35,49.62866996839567
36,35.89045496705391
37,53.846225212822155
38,30.41934458985356
39,50.80857459652807
40,59.09220220049196
41,53.47084570200079
42,32.80655640465645
43,55.141979056435005
44,52.32216919502043
45,53.86820147277055
46,53.20877773623392
47,48.6456457877662
48,54.30071446803483
49,51.549858283612004
50,31.909463820179276
51,54.86465997073151
52,26.071671892390036
53,58.48710862559869
54,31.554498521799452
55,50.899958360564085
56,28.437843567331246
57,49.21640802561076
58,34.44288642828909
59,28.718133130730568
60,45.565205091106634
61,49.2827270548561
62,31.333251604172492
63,27.50677092742803
64,45.58225551038168
65,32.39227941123287
66,39.339294604079
67,50.232162735411364
68,55.39168640293755
69,42.00720769105663
70,28.887973960650392
71,47.16145799390373
72,51.95014046600683
73,49.83502746653158
74,32.88830742261292
75,59.199961745678664
76,49.802454982454144
77,50.75376468351662
78,57.40117632748516
79,50.97714037726262
80,29.00956325403627
81,50.69154336868876
82,26.463801014715692
83,31.324872020712117
84,26.186261682652972
85,53.98175775357197
86,28.30286331053031
87,54.42614078611439
88,54.43564248844244
89,31.676609471467266
90,24.191333220284363
91,44.06224895412238
92,26.454285787941163
93,30.482376512775833
94,52.30201989944767
95,29.776353929113036
96,57.831998334303705
97,50.37500665398479
98,56.18266691670173
99,52.69808531593978
100,55.148034191916025
101,49.940023175277126
102,51.25224841581936
103,37.87211618952141
104,57.34127350482943
105,46.05085585803531
106,51.169099357864155
107,45.97415514746497
108,30.02517196371655
109,50.184231658023876
110,29.505652458506404
111,27.0699853267944
112,49.43898645088418
113,51.37226863276022
114,30.250641790901824
115,32.45905949837312
116,55.60526739407328
117,55.41075502646169
118,50.71247436570301
119,46.801072237950216
120,43.07829524290887
121,49.359771877021245
122,56.97472259028929
123,63.808176914602235
124,54.15306334703963
125,59.46717284627262
126,28.282762674185655
127,46.290076513865436
128,53.603772796476804
129,45.80046251409192
130,29.839077074171787
131,30.316647889107223
132,33.37742491821759
133,56.79276447501114
134,54.769656629059085
135,58.74907171912995
136,54.786615705850366
137,53.92648376311019
138,41.938303162219405
139,54.54995267954557
140,27.516209988838636
141,30.440682971378987
142,28.889965930346456
143,56.41813684124101
144,54.95175733951838
145,49.38740579379799
146,30.60084986089219
147,25.1391637839679
148,28.106077254943383
149,59.24763126706283
150,34.12606417143199
151,46.744007229748014
152,37.81706273803633
153,55.847297214419484
154,29.360101323945308
155,59.87067802374368
156,27.49650623869594
157,58.07768789535953
158,49.190816834158575
159,55.522435058536594
160,30.724168864086785
161,32.93538075017762
162,24.45515654241232
163,57.39004739649531
164,56.6008139941396
165,27.041984416848937
166,28.258331304801672
167,45.133012448160535
168,32.56415247675083
169,48.66862323274191
170,39.34412157247357
171,56.76427717278998
172,54.67444680776614
173,23.483030904731827
174,44.18832180707032
175,47.745110809694324
176,47.757542939737796
177,46.20780460116187
178,56.32882980662522
179,54.91459491819241
180,50.322371526754274
181,47.031830111016184
182,52.74478118963648
183,60.052116687706274
184,52.88142996090255
185,60.03218714205327
186,29.114066449179543
187,50.16231562887838
188,51.5705701898863
189,50.244571247404814
190,53.78651616011637
191,42.919970688814026
192,48.78922646300236
193,54.608069268728826
194,34.53197509848641
195,53.31772517004507
196,26.677703895002384
197,33.90198331995965
198,32.83272901091315
199,27.411131449165914
200,33.133108921951916
201,52.29384221058068
202,31.461507458901657
203,44.679710920378376
204,55.3412601063768
205,50.614559110395064
206,48.74188967962913
207,55.7905841369377
208,24.440506298876862
209,54.31767949819831
210,33.109186418268266
211,49.674013204254685
212,34.43138320863642
213,57.34367275818853
214,24.937982411730236
215,51.07263978178039
216,49.477620545130456
217,53.36657257467988
218,32.74661251387396
219,55.33994643387293
220,58.90015918981694
221,26.583394683651164
222,29.076030794318083
223,50.86232059236236
224,53.902922752191046
225,55.24784852042623
226,29.400470124352314
227,50.122123747743515
228,52.96551873550415
229,49.06305203543143
230,57.54471989060806
231,30.73663963801641
232,52.28976784868585
233,47.56169174346338
234,50.983439480991855
235,38.49394995459972
236,52.75770273995321
237,60.31557959080824
238,42.21840169955261
239,57.2696574832007
240,24.15299522020294
241,22.85273093965694
242,53.13638871315547
243,44.50699765927008
244,50.349341175231565
245,50.291200691203976
246,52.50402287690252
247,56.40155797601294
248,55.489848660766654
249,51.301591028468565
250,26.45594221636666
251,52.43054126754568
252,39.22050441273454
253,32.3329875457001
254,60.759991476809574
255,26.365430223539285
256,49.26989433085417
257,51.067574250750845
258,54.66792627506172
259,54.29183631156204
260,36.4900827957096
261,29.303774862592
262,31.058593929750323
263,27.21160758488424
264,29.48532030496422
265,52.4750050511083
266,31.70429004930696
267,30.95400014032635
268,54.37690144908336
269,47.52359646529658
270,45.024852539409004
271,35.69050421851863
272,48.0959733013015
273,30.900000866069426
274,32.52669951624982
275,50.695822508424015
276,34.226868446030245
277,48.790970071842004
278,28.88141019885067
279,35.08617220604172
280,24.11273551438826
281,33.11649162789958
282,40.60743022921844
283,30.74890275541934
284,27.885569798841512
285,47.887549666941204
286,46.59939394928907
287,53.48195480232278
288,52.93241199847919
289,54.86477950199465
290,49.027050915388976
291,32.805542575947136
292,46.63026544449422
293,31.76012919404153
294,52.08753500220186
295,47.18939569064012
296,52.340501418691694
297,26.951516214161934
298,49.29304552751774
299,51.83831847636127
300,32.188093132239885
301,52.732174795382754
302,52.806353115027875
303,53.561953288409036
304,51.871865190771466
305,54.213697834770485
306,28.354323687509428
307,35.058474806115605
308,50.377748572116445
309,48.61436960846393
310,48.89500995570842
311,53.433298357572426
312,50.56019857564103
313,28.41506458312488
314,30.53410077358548
315,53.95677885027491
316,55.32555388764341
317,55.07498517438573
318,31.21170114742965
319,30.492804836049412
320,61.26006020219676
321,28.812898143543435
322,35.04625735210033
323,26.156513321028047
324,26.691012471876736
325,24.765715484884943
326,30.183943641157935
327,48.107096731022004
328,52.22948654744243
329,49.36846027457167
330,48.696159648099126
331,31.056297600561006
332,60.08322288143136
333,28.400073292431113
334,46.134366890080834
335,51.99213711861234
336,56.79005759887785
337,49.08412527625842
338,51.03522999278814
339,26.66110331768926
340,51.14429096357516
341,35.092512380142345
342,62.29896036323362
343,56.941989146512384
344,31.988074042920353
345,47.113234582697174
346,58.53835198051606
347,58.919970202239256
348,56.40230833969007
349,53.872978605646665
350,56.388053519231036
351,34.183798785084726
352,49.71035436485852
353,49.38644818149667
354,29.77008223031852
355,25.974740934546276
356,49.30336327589439
357,57.6488216097532
358,25.88754697659928
359,53.86555925540067
360,36.72910298885044
361,45.63230734493818
362,53.12892301152506
363,50.47573324875348
364,57.574616362412954
365,52.01527828165294
366,28.211187350486245
367,51.18417874847716
368,40.3647417330769
369,52.78065713842167
370,24.463988866186092
371,47.78770701132411
372,30.391621419515147
373,54.884131362568475
374,33.49119745201849
375,51.699697321573495
376,56.87407783473513
377,25.77111739720071
378,51.382798520422085
379,51.0946653047115
380,46.858610399562956
381,54.22849621948663
382,57.23861484365224
383,26.760530897135176
384,30.798459459657327
385,44.448481805473065
386,49.55947820124202
387,51.66883911491427
388,57.81082672233897
389,53.24910829914376
390,52.48749745972179
391,30.486877045306034
392,55.68103621044468
393,52.748399072160574
394,50.057196246108795
395,29.16294713585567
396,53.95788986465148
397,41.02333769052292
398,30.45830874089357
399,40.67081161547984
400,61.873894263932236
401,55.618177246006795
402,25.064402221527576
403,52.75614567663102
404,51.39892698376296
405,50.784294816140914
406,23.378617259052653
407,60.66870601391577
408,27.439485330125326
409,45.3017450807401
410,49.83871758873709
411,48.39896983808238
412,35.33008746694581
413,56.183945194454566
414,52.171357899980876
415,44.33263781080703
416,52.25159376395147
417,54.967212582504395
418,46.67998204194064
419,55.37015799551907
420,47.99739037755074
421,53.501461652679325
422,33.974557709861756
423,55.69758879303335
424,49.8553583020581
425,48.77397243648712
426,35.99831955427876
427,53.332312781907376
428,56.68891991490711
429,57.51465870642693
430,25.619616839128703
431,32.12463293130158
432,33.644935328149835
433,34.27917850003278
434,27.744205283880113
435,44.721649736812495
436,26.397913958561585
437,59.340992906939974
438,28.60112638940351
439,29.333733159791326
440,42.98587981914813
441,47.86892653426478
442,54.59203582916724
443,61.64261758984294
444,41.78907740215896
445,29.98480761494942
446,45.53709526279494
447,46.974229508331646
448,23.51529598604343
449,53.29744617184279
450,35.68788354324717
451,48.65168781202632
452,55.577541338849706
453,47.984007666892985
454,30.31890345950436
455,28.42107438406876
456,45.17819008522895
457,36.362988747279445
458,53.22488799888023
459,54.731275223908014
460,54.5261050064449
461,55.48422879791623
462,55.78359061343792
463,56.23384132794737
464,56.69913179275608
465,25.72058198656196
466,34.44416286534937
467,30.496474700663526
468,57.82088050250207
469,55.3399716776405
470,43.915697615312645
471,51.196806424601384
472,52.124926024103715
473,36.09473005529406
474,52.65391387635075
475,56.10384524442925
476,57.405322696555054
477,53.50996525811853
478,42.31194699604196
479,50.10563011915327
480,28.055410477261827
481,26.838406911266375
482,54.70174737338582
483,27.196049498567042
484,30.28216253519628
485,45.35739767059212
486,35.04327686126306
487,45.46203806484862
488,29.631158928123785
489,48.595995631701236
490,49.79397533341284
491,54.08639185109909
492,49.08109245395558
493,47.03017394629789
494,51.786489133665725
495,31.928746678975756
496,45.729564657016034
497,25.01852665000402
498,56.01686779455678
499,50.87711726721868
500,54.101629826252456
501,51.23050901755608
502,48.24804980437301
503,31.70708965094906
504,40.84754165380076
505,54.89601990648595
506,49.14391864081286
507,34.660624984159845
508,50.91012685237037
509,31.241131942320813
510,28.724842452628067
511,55.75708818710202
512,55.540610534774395
513,50.72614085035766
514,51.20139379454731
515,49.28657383633071
516,26.61863888019239
517,46.98447207278176
518,53.788575397025014
519,35.0652578172332
520,50.3194436851034
521,55.84612688766768
522,32.25717054946724
523,53.187380450606874
524,50.24885939393768
525,26.3882497584456
526,49.261398029830545
527,59.67822801043125
528,51.376178489615924
529,53.59593159870551
530,52.22922616065121
531,48.51136549887712
532,41.73446595615416
533,46.54784250793405
534,29.82664146589367
535,30.010628443280048
536,43.012096311077414
537,53.044727445405016
538,53.87368704880304
539,46.89522332839812
540,52.7234203064296
541,49.82756851675175
542,53.34863677709117
543,48.028633716046144
544,45.78000078213041
545,26.649070856108313
546,25.594870283214693
547,30.13519608513821
548,31.193648749046776
549,53.684179324793256
550,54.59269400648595
551,30.280075485870622
552,28.918546879197798
553,58.881708688667224
554,28.037894009884045
555,53.84343171277971
556,26.466138842601445
557,48.724718301914876
558,27.71503037795847
559,43.78138258005947
560,56.31430293544835
561,58.257945004743696
562,50.968860175828496
563,43.4185822168523
564,53.791089267462766
565,28.680005006522983
566,20.0995044931424
567,52.31957049428287
568,42.56436606305989
569,55.38539039771306
570,51.28278983772324
571,50.4286340792243
572,48.50256889842856
573,30.577525054341827
574,53.17816782477079
575,53.24639147967296
576,53.59336002546634
577,51.605280921535226
578,29.00365427852217
579,50.92659197959533
580,59.73424318384499
581,31.28916977745139
582,58.192892568888404
583,40.22767012597599
584,55.124893523034594
585,46.72115701048701
586,52.91519029420046
587,59.59361962588729
588,27.856476672430457
589,29.455451859780588
590,55.031921906094865
591,48.57289000976508
592,52.500689568268925
593,52.583614175300475
594,32.35297686857339
595,25.95405776965401
596,54.87110831678851
597,28.91341929677886
598,27.389538082907798
599,31.936387024515103
600,45.63735178501352
601,54.24609275722215
602,49.68306707715474
603,28.64863140955073
604,54.295839795575475
605,29.50145335960364
606,55.66137008024214
607,32.43622476472531
608,49.7893811343163
609,49.15004556199153
610,49.660179890665475
611,32.97283903964672
612,38.76739647568239
613,53.632082798256164
614,25.647527118926696
615,27.489531734145217
616,52.721762304750584
617,28.440083670058623
618,31.77294379619239
619,46.1044887486756
620,52.78949393767347
621,46.430904617584716
622,46.06002013257407
623,54.52350166857785
624,50.374441906687196
625,28.76844093649733
626,50.3696285971794
627,58.65217615561398
628,32.205858160262075
629,53.600945121572124
630,56.819305624380135
631,43.160050153675144
632,56.02139800591366
633,26.358016733882064
634,52.36666244300461
635,30.388606427067966
636,52.37792791256962
637,32.377705837411575
638,44.629512925178815
639,53.584409525262735
640,50.727526416458026
641,53.68070674238497
642,58.73718388030095
643,46.717552880915306
644,32.574963459561566
645,27.383063280189187
646,26.47979791120901
647,52.575286407307885
648,41.768809349884286
649,33.25830800222001
650,57.162760467268875
651,47.50280806371121
652,54.6476455039265
653,49.22162748770816
654,29.11912577839731
655,48.839645313187724
656,56.5127149354866
657,50.584123770361344
658,35.95714766586063
659,30.466770329733016
660,47.54945174353254
661,27.304264755129346
662,28.178066879951885
663,55.22077193448447
664,28.942164284615334
665,28.914804399113418
666,53.48967685223971
667,27.82406811576322
668,54.40986681360018
669,54.3078015863651
670,25.00092320714802
671,58.37016469124568
672,39.97379561170175
673,52.46963916275125
674,56.3574504002682
675,27.18878592992689
676,51.83660271091428
677,30.526378178966944
678,47.476686018214274
679,54.77635228552111
680,56.69342129013978
681,57.23758796207989
682,29.908673381450722
683,45.326368114416084
684,47.43679363483035
685,31.554485513082145
686,36.46484615741199
687,27.746879729826496
688,37.28972558268427
689,27.77021201844343
690,57.09727321210172
691,49.06555313587436
692,52.61716871010269
693,25.544063527889065
694,57.10773230762117
695,31.895443426193072
696,53.80123094316025
697,33.692968526301314
698,52.781041603222775
699,53.06420299431607
700,26.168575874429994
701,57.587754802466684
702,52.5873176121113
703,48.65543762438136
704,57.363779203657884
705,34.63000283301372
706,49.122276903163936
707,35.28591026573312
708,45.60962886626239
709,30.480117820745757
710,48.53088017021354
711,32.16167336606209
712,33.76540212228613
713,49.388123161591594
714,54.123383771554316
715,32.45209654568583
716,55.657546827609394
717,49.220096311796496
718,45.31168936705667
719,53.43565814259733
720,51.37151283620067
721,27.58825965327294
722,28.796349496055537
723,30.112635597793414
724,50.30682198288042
725,49.99170319003578
726,53.11712384981012
727,50.44960341494769
728,45.23604804406989
729,44.134035711460356
730,55.81242651577375
731,52.76779476159424
732,31.121663121761134
733,31.953610769069467
734,55.88026118989099
735,32.755095573970735
736,32.05581468367238
737,50.75322860487238
738,31.954245574493328
739,19.76121015897429
740,46.324277571640856
741,54.159783020875985
742,34.96462410482566
743,35.63585047972188
744,55.99657078417256
745,26.237682763253307
746,27.265981108667727
747,52.69471023475559
748,63.371056361521056
749,44.947647934283566
750,54.345926961935845
751,32.07158200250893
752,54.31731909142316
753,32.8847592744064
754,27.831403944004446
755,32.46379130893301
756,51.16914045691398
757,51.50093251922558
758,37.37702294100645
759,26.059693636470563
760,26.96460541106944
761,25.15435922784267
762,48.1027904784834
763,31.613185777686425
764,57.88181445879671
765,46.948765033414034
766,55.065354945405325
767,28.962299931986944
768,35.490574690448376
769,54.22971949010985
770,56.74595380692722
771,61.52395101401022
772,52.91150079688005
773,53.90308508015113
774,54.33890614426714
775,51.00593844974635
776,55.92370103791435
777,25.701382009073097
778,28.59019514445441
779,27.782610720916306
780,45.92138287329424
781,55.15451304198592
782,40.139751898198185
783,29.241699253256645
784,49.47251027568335
785,36.56372202013892
786,56.64887349261528
787,50.55358167012826
788,40.89127202815422
789,53.3453177773355
790,58.30983146088194
791,50.84955492001924
792,53.16571573521924
793,30.69147259970331
794,49.184533509649555
795,29.453150820453313
796,59.04727615107173
797,56.40112732688328
798,30.10309297780033
799,51.69159482299096
800,46.51940116672022
801,31.942979849229406
802,56.67126708884808
803,31.24578435630278
804,51.0534678491822
805,32.92233940749571
806,55.92581830937616
807,56.47949201228581
808,43.58038296175203
809,30.00534677084922
810,50.95638951776586
811,53.765092891697094
812,45.15258669125662
813,57.56109898756634
814,48.58059117667795
815,51.66720448064325
816,50.871697255008094
817,49.31503226434476
818,57.60896004356886
819,49.89743573561288
820,51.15254094150455
821,55.71888636465304
822,62.90797223990603
823,48.651568925386506
824,25.197307840156988
825,46.757625999242855
826,50.91671354382906
827,43.93870457598332
828,41.22796230503995
829,30.59696311100317
830,33.761983969049325
831,53.95247431370158
832,48.13477974186467
833,55.83723043002924
834,27.349666521714635
835,45.048758963567415
836,43.97483220306315
837,58.95423873827525
838,57.91068496227438
839,52.77689353436923
840,30.592502599764853
841,29.211857678280506
842,32.683739519150095
843,24.841074012384006
844,49.60398021982392
845,51.15181157616756
846,39.99489333315356
847,44.05677472239299
848,23.93976532268973
849,54.714809718706995
850,29.69414941554908
851,52.31792619142712
852,51.92935087872868
853,31.569763264647747
854,45.52767177419119
855,61.20922976532755
856,51.35377353907785
857,31.011917822135167
858,32.145443108101404
859,30.60928763330185
860,44.3683305736036
861,52.39269912253476
862,54.08833854943352
863,31.374764936422878
864,46.48431584347041
865,48.77654147047807
866,32.95115541032344
867,52.27861294421173
868,53.8152176352977
869,54.259807270612235
870,51.84212303157388
871,53.78554991126272
872,50.77960153637272
873,33.502893586311
874,30.75760089138433
875,54.15938238967171
876,26.97867131368792
877,52.0273099906802
878,31.00289545840857
879,52.41098796314246
880,28.33631050414577
881,36.52460504053571
882,45.143168018640715
883,30.311780598617354
884,53.76602184053101
885,46.8093342653969
886,55.64045564615577
887,47.616742229556635
888,49.5977473884669
889,35.18669418326294
890,43.317619642951534
891,53.5258591252092
892,33.08529355242913
893,47.3952960058463
894,51.60318659536142
895,31.42580089297809
896,56.49857160220357
897,51.905277213743126
898,54.30984896579443
899,55.419026623248534
900,51.369171978469325
901,33.3058707235166
902,27.434105761085593
903,28.47753307697351
904,37.14741723822724
905,50.09398408820193
906,57.11651469300353
907,31.32091618617492
908,56.424407651880465
909,39.27269188282677
910,51.63861418334722
911,55.477987574403954
912,54.74190544342735
913,29.49982531956307
914,54.612323102620934
915,59.013258965107205
916,47.907460419955854
917,53.619721957831054
918,56.75971997612065
919,56.44818831091586
920,31.722387069361037
921,47.62098824930543
922,31.540775401282527
923,25.832357510809494
924,36.55135904932973
925,27.799683844738663
926,53.98123486725562
927,29.584245967198687
928,51.365590959634524
929,27.67286762587353
930,51.88485127915597
931,49.87633386687462
932,61.01496311163354
933,52.436476166666495
934,50.503593475066545
935,56.75902601250092
936,51.70740157068652
937,47.12197178425988
938,44.30470724347379
939,57.268304207888264
940,50.5981786578715
941,44.68345085015093
942,45.28662950174605
943,49.28534966972625
944,51.961831528922545
945,52.33419205290521
946,28.194448182849065
947,31.947707043962257
948,60.053351173061415
949,30.34437238156281
950,51.065802336764236
951,52.79433225235079
952,57.995839727534005
953,26.619429960826725
954,28.557842685503466
955,35.830964780650255
956,27.333936440022175
957,26.64446601962848
958,56.00211615105457
959,29.599161515010632
960,47.524693968776354
961,27.642933453821396
962,27.23591570183244
963,28.66627944007166
964,56.078927334617234
965,33.18578184865199
966,51.52621282660011
967,31.81334964462559
968,49.19311389553614
969,51.581565077528424
970,46.426639478171836
971,52.91736645289936
972,48.61610691434836
973,59.73455994633535
974,57.00571189014655
975,53.678015342952634
976,22.99522737242209
977,58.803266607436875
978,49.579312414645194
979,53.05359803296981
980,24.729081581877477
981,54.583295276549826
982,25.70005246388842
983,47.89568994490921
984,61.94230871663513
985,46.89898825757257
986,52.87230853433348
987,52.904380152383666
988,57.956401175206636
989,54.2943919600112
990,33.085015468866544
991,30.465305671302517
992,56.003160295377526
993,26.791975335711737
994,42.826808743109204
995,35.33420875783079
996,56.32572062604196
997,53.56732117540051
998,53.29782676500189
999,55.98991831102282
1000,52.398876470989514
1001,55.82559263685851
1002,26.473476189533454
1003,48.082788427953645
1004,31.3713248913459
1005,54.116195723499956
1006,57.41504384820167
1007,50.71762650770657
1008,50.10376732660276
1009,56.12494644366179
1010,53.63889252357924
1011,34.5260472635936
1012,51.41215597086975
1013,55.503823254375234
1014,50.35731790206074
1015,53.38915508256789
1016,40.64022560794295
1017,33.79386886724743
1018,58.462168468894625
1019,48.44483142612599
1020,29.793014582631912
1021,57.85018433722832
1022,49.48057324916659
1023,58.053388454722565
1024,31.928769991120507
1025,51.79498413683264
1026,55.217996461202645
1027,50.33213826814771
1028,54.020201943839155
1029,31.688154305851423
1030,51.80278368456215
1031,25.845867034316484
1032,25.784631249090314
1033,56.138400146617954
1034,56.78887268846523
1035,49.87063553532788
1036,31.336359926541263
1037,55.888389354145374
1038,44.90839980658793
1039,33.41956931556181
1040,29.67942771259364
1041,51.31614891047614
1042,58.65530252686536
1043,54.06004788282404
1044,31.305375266191643
1045,48.968117625725526
1046,45.75748147934015
1047,31.060170167791174
1048,52.859208232347534
1049,50.81180395305218
1050,48.622152906073744
1051,30.295196694176557
1052,32.10283938364715
1053,50.934830473033465
1054,57.40374618971104
1055,31.438173117294138
1056,30.497767712285558
1057,25.770753216303323
1058,57.09129693133704
1059,45.68013663324963
1060,24.75893123617187
1061,28.43167641377599
1062,28.8299972841732
1063,52.64306694481222
1064,34.26158802134412
1065,47.22661025149446
1066,58.15861746800835
1067,34.31567353633474
1068,46.56473321008822
1069,53.61139024776481
1070,48.629205004864126
1071,50.93873530719048
1072,27.436385604114072
1073,53.88866350237796
1074,49.770057658752144
1075,52.99055864832317
1076,43.66650230651567
1077,54.36302826507056
1078,39.622660374489634
1079,55.776349907412204
1080,58.13585197476885
1081,44.670246149207024
1082,29.154819416447513
1083,34.14895907978432
1084,59.496407468036914
1085,55.06998177657221
1086,50.99236484935668
1087,46.18607942424231
1088,45.19582456494948
1089,53.28105459190176
1090,50.70420790058262
1091,49.188239835544316
1092,48.2135509121843
1093,50.20297599395497
1094,47.40764045322239
1095,29.44897783836341
1096,26.36791919158421
1097,29.493788743806196
1098,27.529718016841073
1099,41.44108940092921
1100,55.3407739016631
1101,59.91576353857241
1102,32.05896101934207
1103,52.956537745419396
1104,54.74091730363969
1105,29.774779338748335
1106,36.83389643018057
1107,45.73880379754447
1108,33.921291862920164
1109,49.55172681793194
1110,48.55532798700237
1111,53.89045081403315
1112,38.09876597078901
1113,52.45059902859608
1114,48.678241529220465
1115,25.415315220568605
1116,57.52834970677769
1117,36.850001082995746
1118,29.132952904536914
1119,54.86431204907861
1120,52.648162467830666
1121,50.61896507438872
1122,44.70654290397407
1123,50.48617131866099
1124,50.396903265999995
1125,28.912986648573877
1126,28.45226964204652
1127,51.268931339088326
1128,53.39739070069137
1129,37.57314601300168
1130,57.51749203246508
1131,53.44756588165363
1132,50.63138493418544
1133,50.341752954862066
1134,49.11469638241866
1135,30.495130460642113
1136,54.35711339481784
1137,48.78996305267946
1138,31.263462852303185
1139,61.124459386542526
1140,56.40804140219826
1141,60.16379344076583
1142,49.20883276365214
1143,29.522694559296845
1144,50.45021229449392
1145,57.00484861626071
1146,32.631654265976856
1147,45.050212011428385
1148,53.883126085728804
1149,29.191703382935163
1150,33.567052976978005
1151,41.00262363157238
1152,51.29297176143111
1153,49.44245300141712
1154,53.79590508803272
1155,57.15773924850769
1156,50.45660988075443
1157,29.877446711832945
1158,57.690712621488565
1159,46.08754982266494
1160,35.65406718715823
1161,56.08172385537352
1162,26.266524268540973
1163,61.141751865156934
1164,48.436242594640476
1165,55.518499570594095
1166,50.36153673349123
1167,29.777758641148793
1168,47.34230371449962
1169,51.556830927282626
1170,60.15555631232071
1171,50.070439707761224
1172,48.933199854953294
1173,50.72261013626946
1174,24.967403528389788
1175,50.18700520199947
1176,41.9328472591395
1177,53.64141195898032
1178,52.40302333847634
1179,47.75819991512414
1180,56.46293856275594
1181,52.28053089203988
1182,47.877537794736845
1183,54.66772577867339
1184,36.75769861463804
1185,47.63649495973698
1186,28.905741927049473
1187,53.419918688667224
1188,57.588707630882524
1189,41.097423797073624
1190,49.54039537938212
1191,50.32013003999464
1192,28.993952528260685
1193,46.03625655312159
1194,29.12759089161549
1195,49.205548399030285
1196,51.780992602591134
1197,60.11852228071662
1198,34.83470795655488
1199,57.119768810646505
1200,51.59535427763372
1201,31.224599987261143
1202,28.605459813339607
1203,47.80818079039262
1204,26.071329139234106
1205,28.889122942645052
1206,47.855864339761744
1207,46.62870082374604
1208,31.962396807468686
1209,56.49782291325399
1210,45.133159552063184
1211,53.044183126069
1212,44.444995554608404
1213,30.503945483956986
1214,51.31801960581228
1215,33.21029978918103
1216,52.824823888700564
1217,51.74634053586629
1218,25.526519664874257
1219,25.940875876954816
1220,53.15956302193792
1221,47.794423846719816
1222,45.13529018612038
1223,33.527355522776695
1224,43.15601207657647
1225,42.68142294608681
1226,26.940196531403313
1227,49.86580957684936
1228,48.585364190352834
1229,31.5139023745708
1230,28.96049721764157
1231,55.25944653965599
1232,22.927395375047123
1233,55.439952644634175
1234,31.26930715762089
1235,54.2101107446504
1236,51.32133857627953
1237,47.00687049740553
1238,57.120788423503434
1239,51.34821352556068
1240,55.51971518488567
1241,26.653101754954896
1242,47.69060410718932
1243,24.428966966518946
1244,31.29554402809315
1245,55.702153332595294
1246,44.033782142601375
1247,50.8484066281216
1248,38.04272860482232
1249,52.464053716666925
1250,30.62596569677507
1251,26.357671341393537
1252,52.89114395239826
1253,23.427996226992285
1254,53.078426161753626
1255,33.82972016433597
1256,51.6637840163862
1257,54.35251642363572
1258,48.12713981612775
1259,55.07293220636716
1260,53.16366218302168
1261,46.834753238492
1262,49.86391381492259
1263,24.446498740891904
1264,28.285591006746085
1265,25.25394151786258
1266,56.98093004691923
1267,30.042503562496776
1268,23.608702688914786
1269,58.263473644580685
1270,53.78527752072169
1271,28.354820766350297
1272,29.545477802061125
1273,56.9563310398859
1274,50.615463031580745
1275,34.798103810450264
1276,54.597838867632305
1277,47.19967798594152
1278,51.821625528399366
1279,39.24910086984122
1280,51.04876073376084
1281,52.94425557037075
1282,54.84924423732907
1283,46.98468617733689
1284,33.075650038415915
1285,27.630994432461232
1286,33.41220191010832
1287,51.424300358486974
1288,57.715856924091646
1289,51.3116544850218
1290,53.42772601679479
1291,35.204816373434404
1292,49.65928413571629
1293,55.79650582663314
1294,35.15249019935075
1295,32.56148826739582
1296,43.82085027200368
1297,52.70121779648437
1298,33.82928879448743
1299,49.15739156852458
1300,49.947140551763326
1301,31.598085913512776
1302,47.566242571356234
1303,31.10519475514687
1304,54.8033102122743
1305,49.54025532491
1306,54.23218262279711
1307,54.495465958032185
1308,52.42866073669145
1309,55.28469211126176
1310,48.92231789870244
1311,54.12597709679894
1312,28.19886743619112
1313,50.372778197952236
1314,31.713161972944427
1315,45.773655456042555
1316,48.72911216521205
1317,31.002306728242004
1318,43.465510951591746
1319,46.2854418884638
1320,54.211224823794545
1321,28.492670739196374
1322,42.059690449647654
1323,54.954345143986885
1324,54.14302156614911
1325,58.67403582589635
1326,27.229466775555196
1327,56.89842743289013
1328,28.078335344479886
1329,31.99429393184091
1330,46.69467746765235
1331,48.419310129688284
1332,50.799961002126906
1333,52.535788418976104
1334,37.71133590969046
1335,28.13599130138851
1336,44.89836594476428
1337,57.70813937869438
1338,30.459518577726925
1339,57.873749681766014
1340,29.83474934955699
1341,29.90731949296772
1342,58.12178394003443
1343,55.856978878622975
1344,54.324932302864674
1345,53.67222756204634
1346,52.98040694259988
1347,32.267870014157666
1348,52.80773361962163
1349,28.244013184908678
1350,53.213524605044306
1351,49.76044053273706
1352,31.02823225057511
1353,46.7686829163261
1354,52.174397084486216
1355,44.38885273654919
1356,33.374183517716766
1357,29.251873342836337
1358,29.82487305645572
1359,60.14020633997082
1360,60.040292180944135
1361,23.323059584430418
1362,47.092422438770996
1363,49.05278960885853
1364,32.53099720765398
1365,48.963321824899104
1366,56.130942992787396
1367,45.12313807043052
1368,49.72811061180004
1369,52.4229583354901
1370,51.861537927092535
1371,46.91221319698557
1372,27.569567686753395
1373,55.12599463849157
1374,54.14920150223621
1375,34.896237211337066
1376,24.640012418188224
1377,49.87342616391366
1378,52.76504966239878
1379,45.95612575728796
1380,50.084848910073845
1381,29.49815599650048
1382,34.60978930842778
1383,30.59743516888449
1384,25.17185883401397
1385,29.462336267595745
1386,30.249133622040024
1387,34.954724501291324
1388,50.000870293116854
1389,32.31496631254348
1390,52.308162332776455
1391,47.89493810193816
1392,49.500400735175894
1393,54.33473635920441
1394,52.30825920436379
1395,46.10711612621284
1396,52.84119807195482
1397,53.8089256384216
1398,56.53789463247779
1399,59.69953737890954
1400,52.038910709549484
1401,52.982081282008224
1402,27.431646212879084
1403,38.08795114576783
1404,24.939517120918268
1405,59.330702812963445
1406,53.89792429080805
1407,52.904079461887186
1408,42.60212307686681
1409,25.283860317578352
1410,24.73544282399006
1411,26.16341506369608
1412,33.512338707168205
1413,47.61540903425707
1414,27.694830179259842
1415,23.31116142855333
1416,47.86850711684388
1417,52.84563228747103
1418,25.255265367059998
1419,52.60029518244602
1420,29.509454528672343
1421,51.03784276341521
1422,52.884009448744216
1423,25.837145388603165
1424,28.595178749153977
1425,32.48780713872928
1426,54.0689857718531
1427,53.88158303498763
1428,52.37885349746653
1429,22.015423014725222
1430,26.06166886596288
1431,45.06814708805283
1432,53.51890492884347
1433,52.48115410118252
1434,48.357068499981466
1435,29.639358428632654
1436,47.85615935824188
1437,48.747938535643634
1438,55.17982031340515
1439,52.25336971676924
1440,55.083781565968756
1441,50.710612257585396
1442,43.6091625481061
1443,49.22096818558325
1444,51.06245697743358
1445,28.727482784902605
1446,52.65875884359136
1447,40.294242972385234
1448,52.58759091358302
1449,51.159201291783276
1450,48.97855675423788
1451,53.16609902124176
1452,59.0439134438754
1453,32.78050004726274
1454,33.42205219943596
1455,44.66641356060192
1456,58.15778817728498
1457,55.61169633808499
1458,60.414974129676125
1459,59.063089126667904
1460,49.777364552766095
1461,48.15997323606804
1462,32.52751212890336
1463,51.074798835197925
1464,35.67181868610318
1465,51.415463124296245
1466,55.711444987478544
1467,54.35394776241019
1468,56.850924681383496
1469,56.40072381915141
1470,55.47757699746136
1471,38.15970585202468
1472,58.415220427427826
1473,56.52907913241333
1474,45.791834851053416
1475,49.820035280591114
1476,50.662504467656554
1477,44.25739546678409
1478,36.324288020330116
1479,34.155941291234534
1480,60.610885383143625
1481,53.99458353551011
1482,32.30240121400977
1483,31.05049313717229
1484,25.450782501616864
1485,32.99845635146056
1486,50.94943810281871
1487,53.973170533544284
1488,52.759052523863545
1489,31.78144086267482
1490,52.890166778763
1491,30.071407689566485
1492,52.26932363137034
1493,59.065485213263656
1494,33.20268527627938
1495,33.09353881437611
1496,53.1743665051224
1497,56.69796657048778
1498,30.434081616830152
1499,53.58498748934078
1500,46.83434593993541
1501,48.61128141559946
1502,31.177377322389187
1503,28.12795300917608
1504,57.05978954387569
1505,54.37370904106881
1506,30.628147018129308
1507,51.1763167438239
1508,57.22265840513206
1509,54.68783227164795
1510,50.08330122744047
1511,44.74265206046939
1512,30.16478576522498
1513,56.651415290359125
1514,29.87807513797618
1515,29.095969039730782
1516,27.286409972080456
1517,28.21025413286461
1518,33.27801599423534
1519,33.39916646135444
1520,30.56541835666505
1521,47.13271034433857
1522,51.9792084376405
1523,27.058130708854044
1524,35.944582765976506
1525,27.85162634584513
1526,43.44305621298759
1527,55.17898540750328
1528,57.45444641957735
1529,34.38511667362446
1530,35.47921382621546
1531,47.05359498061053
1532,59.3842155543523
1533,31.572217389919395
1534,28.382142269548712
1535,52.79088773524975
1536,48.05480646838289
1537,32.50794787391736
1538,55.3718322463807
1539,46.66828516711654
1540,56.32586607651523
1541,59.92907670504045
1542,48.67033307735193
1543,53.52693508220643
1544,48.047840246663924
1545,52.41758037653095
1546,52.73278440696642
1547,29.216296900100055
1548,31.20309488174075
1549,26.02547478261658
1550,52.99517577837669
1551,54.2722918288608
1552,30.912794884859657
1553,42.23804417627966
1554,57.464671205663166
1555,31.666474541290984
1556,52.3113127441303
1557,50.41732388038155
1558,48.0854400655883
1559,48.942779330229065
1560,52.39864464567325
1561,34.63622446666126
1562,49.52376039029846
1563,29.373277215392356
1564,51.05233802044534
1565,59.741254040493814
1566,49.30237541688441
1567,48.97394415793245
1568,27.34056337943508
1569,50.284616365533914
1570,48.17901702143734
1571,57.78300168718015
1572,23.8588992456077
1573,47.54952421848583
1574,51.36148830268939
1575,28.772212470446895
1576,51.722723894621055
1577,49.21988008183685
1578,28.89497506238754
1579,51.0654305062477
1580,50.04950657325603
1581,57.92108556814307
1582,34.191275941711986
1583,31.683412022173012
1584,47.68613439055586
1585,29.308089341971062
1586,53.35424590757308
1587,31.060028611349164
1588,46.147486402257506
1589,37.86594347881737
1590,46.05874901827434
1591,55.09317401563615
1592,51.20381128604379
1593,57.2707155831597
1594,30.737826676149492
1595,51.25993372430618
1596,50.831849795399364
1597,24.498709912956347
1598,52.0022368232304
1599,48.03664708614306
1600,25.348993103427652
1601,55.47785938238855
1602,50.65124286496013
1603,29.017261912133048
1604,37.94279008442732
1605,24.95361748041156
1606,49.68913660535276
1607,61.68219836580304
1608,42.740723071253385
1609,52.21706782176223
1610,29.641583952336692
1611,26.223560908836344
1612,49.79784542941643
1613,48.330579683990685
1614,49.12667666893967
1615,46.393560439939826
1616,56.7854079441467
1617,34.364453817628124
1618,48.26338657693061
1619,24.731103745188385
1620,48.50704516490765
1621,50.2612624632267
1622,51.38111650165676
1623,33.08261055779239
1624,46.63370933875107
1625,53.65165787156475
1626,30.53824423260153
1627,31.869579344990335
1628,52.76373906503601
1629,34.826400386994834
1630,27.23930888055788
1631,36.11455022948393
1632,33.43189058934442
1633,55.56270293781566
1634,33.79092972377264
1635,48.71609042790105
1636,30.606259432582284
1637,30.79702767496953
1638,54.07262070897017
1639,53.39225446322143
1640,29.694813451831347
1641,33.496939068714795
1642,60.29952501890917
1643,57.20871389198873
1644,50.066348013358585
1645,25.223080421244664
1646,48.05640480107852
1647,28.744049689733426
1648,43.792795677427506
1649,52.601062258206
1650,61.59065819171025
1651,51.0709579782965
1652,44.413899119413
1653,55.18108085583146
1654,27.441599037437875
1655,47.17696919009186
1656,59.18419627145317
1657,43.45094691540658
1658,52.43595806140474
1659,30.033300155762152
1660,48.13386921448011
1661,54.81484849027764
1662,32.928078017763085
1663,37.41546168186996
1664,56.22405020230765
1665,24.930010307215557
1666,47.99384836040696
1667,54.227668897759074
1668,31.722806161953624
1669,57.252377205426185
1670,52.421052059915255
1671,41.56357201003739
1672,48.925615571141876
1673,25.947432113951134
1674,30.58405770816756
1675,23.203857315747634
1676,29.352668382287682
1677,55.10297986266391
1678,30.834839193004914
1679,49.65794799816445
1680,46.19548599572586
1681,54.78840535924634
1682,49.24697937730251
1683,52.50575489387257
1684,33.967981683115184
1685,31.36977360148179
1686,46.0025857323771
1687,46.03949891862428
1688,56.332706746150905
1689,36.819662632285684
1690,35.82358714103727
1691,52.943063459234835
1692,30.77577550285989
1693,32.53768638931116
1694,52.08821114353642
1695,28.983681000250517
1696,21.932231010400262
1697,42.36555330480705
1698,50.99865712758139
1699,44.007650829960056
1700,26.464749034822653
1701,26.365066818516247
1702,22.350821149736817
1703,53.928964393749915
1704,28.746904397853548
1705,34.79751942353754
1706,54.60320039993478
1707,43.89237522841902
1708,59.9998855678184
1709,43.90439932536523
1710,60.52489866908703
1711,56.79366125119093
1712,50.99572262637265
1713,47.617676515734786
1714,50.38148427438564
1715,51.79674175147981
1716,46.392433463780904
1717,55.215307013749175
1718,31.26166730852664
1719,41.19670625982983
1720,25.1861323396855
1721,48.55034840454298
1722,49.92153396561952
1723,51.8425174475908
1724,29.97262838191153
1725,57.68155649571163
1726,47.44928118706688
1727,29.20747024913392
1728,45.979758635612285
1729,36.76142007785846
1730,31.40636735958217
1731,26.781585831408258
1732,32.12602665480601
1733,56.28559308102662
1734,52.228741049052054
1735,48.58278507524395
1736,30.63941204730048
1737,49.123758849173626
1738,59.65225222242717
1739,35.22393147106263
1740,42.95627558805525
1741,53.59861429620648
1742,30.285515179451362
1743,51.93683359226126
1744,28.763877919485918
1745,36.72840233544061
1746,48.85112326204194
1747,49.13708342937563
1748,30.57001570196524
1749,29.561318377036937
1750,58.27224771395529
1751,29.81612967474082
1752,50.11849345940343
1753,51.352804695893646
1754,38.89370491423602
1755,45.21323267140887
1756,54.85736516275359
1757,50.89650560313343
1758,45.74382217702339
1759,29.288108985869094
1760,54.452054215365074
1761,32.30253599272296
1762,49.85953197792146
1763,58.21699424008936
1764,52.841109185431804
1765,59.73861437615079
1766,28.325550462935375
1767,53.455911273536884
1768,28.57049657248216
1769,50.3544569418354
1770,55.24579350213024
1771,64.02140012019257
1772,64.01282182478457
1773,33.00658708487665
1774,32.29651402060774
1775,29.450918694217574
1776,55.68110822896187
1777,53.75413762370515
1778,27.626728918017072
1779,46.17648457243223
1780,49.666034476388276
1781,31.617422768169313
1782,50.01718489770975
1783,26.298977321807353
1784,54.159970958124454
1785,51.31100285283307
1786,51.17288638641387
1787,50.645260308441394
1788,50.055029508821946
1789,54.714424687311286
1790,53.16431056529584
1791,58.03751876253688
1792,48.08115221724504
1793,51.44280855520432
1794,29.863612373106662
1795,52.592828932592056
1796,54.19376792199287
1797,51.278405058639855
1798,29.425323300322
1799,50.98407759144531
1800,56.65980816835391
1801,55.943170184869565
1802,36.799044326292126
1803,44.21761207227157
1804,55.97559128340889
1805,29.638156060820602
1806,50.13399333881614
1807,48.67956490173088
1808,53.37126258921654
1809,32.86662935729142
1810,30.69942686647982
1811,30.524353460196703
1812,52.840505489128894
1813,34.570217447367526
1814,31.536914368267944
1815,30.557526511344637
1816,28.91098680703842
1817,56.72427231379888
1818,33.7882588937106
1819,55.742804318135796
1820,54.562437003600714
1821,44.92206787524824
1822,49.16003747930969
1823,45.98706826846632
1824,56.48495603085369
1825,31.668643279414333
1826,54.18925613670108
1827,53.83353696276686
1828,37.821108348219695
1829,43.56002418624667
1830,51.54203678488711
1831,52.15756511649124
1832,58.41511833870932
1833,27.571518871436776
1834,28.456670192077485
1835,28.843276404135825
1836,32.42438930836109
1837,52.74925900803568
1838,47.394813437741554
1839,30.587021791857165
1840,57.53598973207237
1841,50.61441050833205
1842,26.126968843142485
1843,57.47466045129408
1844,50.300580423295486
1845,31.730436369251127
1846,45.92580006227036
1847,32.93775849873821
1848,50.257079793652416
1849,55.40586412842151
1850,31.487217830839402
1851,52.530510709049636
1852,30.65562996033326
1853,55.1058713236894
1854,58.06751396914255
1855,57.98345655417341
1856,50.668805795051746
1857,54.58274756655535
1858,27.18067556039822
1859,54.867526049977506
1860,52.13894090726463
1861,32.34641598352404
1862,30.06553822742826
1863,61.194912812692394
1864,43.260920359062254
1865,54.39129476551443
1866,25.748171031492728
1867,53.24353049781639
1868,48.859265032301906
1869,47.51967651509122
1870,29.97458751699815
1871,49.207391339002434
1872,59.29000706797681
1873,48.52023488940975
1874,27.72005114462729
1875,56.15685802586237
1876,30.037635165223154
1877,55.093655723665776
1878,52.68725645500598
1879,30.29853292938302
1880,47.813287584692745
1881,47.65878171269533
1882,53.25377724797164
1883,34.055638240493636
1884,48.198862523990655
1885,50.30730744118815
1886,27.028032601227615
1887,56.986078610469185
1888,34.85541689415077
1889,54.96512978913147
1890,58.40536039126335
1891,49.07408568335042
1892,30.72535452890817
1893,55.785733241485566
1894,26.811965973793978
1895,59.443508394115156
1896,33.83286779813551
1897,37.659371447306185
1898,58.18865405733467
1899,44.53906340137581
1900,45.22483938515676
1901,52.798865806465884
1902,27.131319350929918
1903,35.635980214306116
1904,65.19421647687493
1905,30.648065233210374
1906,48.86620707021996
1907,55.762892511987836
1908,25.86575634258192
1909,50.680455733249715
1910,32.62505165566427
1911,21.59212016854372
1912,28.197020260752407
1913,47.499330916343276
1914,52.8110972622498
1915,31.18521241140664
1916,52.89927291641037
1917,51.81731024723264
1918,47.686644495692256
1919,49.80870017758069
1920,49.30613370806434
1921,55.01549687164557
1922,32.19647728050247
1923,48.82435737079827
1924,26.72412303494927
1925,34.7133258372546
1926,29.365252392722756
1927,33.53920407492584
1928,56.29345463887592
1929,26.793307411070046
1930,47.75514517778942
1931,53.04719934039453
1932,47.93150283561214
1933,35.2930456051579
1934,52.71351507006506
1935,50.79621348762859
1936,55.508756457435375
1937,53.304022060523884
1938,58.30574184181295
1939,54.20326892824952
1940,52.993247545691936
1941,29.834899734877187
1942,50.485859673599414
1943,30.351823391512912
1944,55.299522799266526
1945,55.09279229793947
1946,57.680476080426985
1947,26.839082088000346
1948,33.23093077297111
1949,46.03711908948641
1950,57.31948182874335
1951,27.78934908517324
1952,31.50152721433078
1953,53.259726426046
1954,24.23445175165062
1955,53.96412935670874
1956,30.715252441341047
1957,52.57786604035634
1958,58.203298067337606
1959,51.65136476307327
1960,50.50291697771176
1961,28.48425281774203
1962,34.80531959886411
1963,56.58820072570923
1964,52.678594611893814
1965,49.486005946937695
1966,56.508676981263626
1967,47.172909227381204
1968,36.14737378103941
1969,49.50928441032047
1970,28.87635852645205
1971,32.29337300632406
1972,23.160577032562703
1973,44.952490079277815
1974,55.78356753178543
1975,37.765742888631586
1976,48.99862611827229
1977,32.23403290894627
1978,45.292841450048996
1979,45.993904211579384
1980,51.7952963650884
1981,47.39286658903267
1982,31.49885901927703
1983,52.18957762512281
1984,34.10177392352031
1985,51.34320822919211
1986,56.9549765124789
1987,50.20177180142572
1988,53.184406292466186
1989,33.6984111710302
1990,50.96518667095783
1991,47.97496341189765
1992,54.717361551813205
1993,27.515605169275467
1994,30.785765958157125
1995,55.8993129701435
1996,53.076813282428134
1997,28.126492354939742
1998,53.40049550787039
1999,48.962768314116786
2000,47.09856622198288
2001,51.85537248626037
2002,26.118313197708062
2003,54.466594487679004
2004,52.81392510076836
2005,54.00290521868756
2006,47.38862973453914
2007,25.242626966902225
2008,30.255074541785405
2009,55.68847198257267
2010,52.0287699447262
2011,45.19781684250678
2012,49.52489093245163
2013,35.032654853050715
2014,50.95825113067287
2015,29.85445151294771
2016,46.611595112697835
2017,26.292341659168763
2018,46.3089963113234
2019,26.003089897735485
2020,37.9972111095125
2021,51.326618578274974
2022,28.91960940300823
2023,53.79045098190703
2024,51.92878665214858
2025,32.367463045769455
2026,49.88001499273768
2027,62.63509626938576
2028,47.428856541343684
2029,44.24965537387223
2030,32.18170400038427
2031,58.343120379496895
2032,33.50365919716963
2033,53.76815533494928
2034,51.605186033378075
2035,50.046401491929515
2036,58.61761878238512
2037,42.17843494677957
2038,55.92296222363629
2039,57.8803034478715
2040,50.26950274582171
2041,50.09995118883398
2042,45.773469690179994
2043,57.61296766129456
2044,47.556812309356474
2045,27.468422545215443
2046,50.31628447332369
2047,21.726150896545928
2048,27.2454972616361
2049,25.333185016596246
2050,52.12879869625801
2051,26.821319522201367
2052,46.99522180349404
2053,54.78526020664048
2054,38.6283031333255
2055,51.60130989876224
2056,49.41924000184566
2057,51.42793929426765
2058,31.390143059048672
2059,52.12364539966968
2060,53.71586734981113
2061,28.76408554182006
2062,30.24458822698712
2063,55.6427525083762
2064,56.14884929571586
2065,36.56797518510818
2066,57.082092301394205
2067,25.113178830291268
2068,32.5630548722681
2069,58.41000888448682
2070,33.16167020050044
2071,32.75318355280298
2072,51.633971422334
2073,57.27489940068087
2074,54.35344530191913
2075,51.63395608614725
2076,52.125227146388184
2077,52.69612200456982
2078,54.52904954614244
2079,56.10499722013706
2080,54.05089140621216
2081,47.93039215556103
2082,27.16567202031679
2083,51.64470962926033
2084,47.07696210432125
2085,32.77972414086075
2086,26.519591485005808
2087,48.30727348468942
2088,48.32636376739522
2089,55.53175073356802
2090,59.01576444901145
2091,44.65927282513167
2092,33.01407989398274
2093,28.02391693482035
2094,34.80397369527688
2095,47.78643961036823
2096,29.29410546180542
2097,39.588122893268725
2098,28.260231793421504
2099,54.50796840046142
2100,32.12890303525619
2101,53.19252458662665
2102,56.47940734846854
2103,41.73069132248498
2104,33.325697837152056
2105,47.6384343990235
2106,55.18817291304842
2107,54.28802399082732
2108,56.75208525521146
2109,35.3271318923227
2110,46.02328154989026
2111,52.72848901362096
2112,35.76883606432835
2113,55.59866051586441
2114,51.61978922131341
2115,50.55912473356576
2116,33.42248552889207
2117,57.065581774469365
2118,44.49679622915141
2119,51.79353897445752
2120,30.173076536226112
2121,28.836887150048558
2122,51.76687567610469
2123,58.72050787773516
2124,30.10906448469846
2125,29.018759997034593
2126,49.60520767256402
2127,44.5023914709578
2128,53.59890728514353
2129,28.233047731805044
2130,50.91072189009715
2131,47.522390831494405
2132,51.25466072276781
2133,33.85543695697646
2134,56.78992674093566
2135,32.11941911910398
2136,56.06757791482574
2137,31.008271185495815
2138,36.46510658310999
2139,54.02908431219069
2140,50.33023791916993
2141,30.6725731314743
2142,51.726250130662265
2143,54.70576728876925
2144,52.165319239738885
2145,34.27000737964432
2146,24.168098040964246
2147,26.584326115049738
2148,27.832483765619852
2149,55.27954318137391
2150,63.97651813407588
2151,51.646918116894305
2152,54.25454123596189
2153,47.66094674889137
2154,54.5036782832144
2155,26.135584363867448
2156,31.161585240057022
2157,41.90165300943286
2158,52.428962702137625
2159,57.763998006691175
2160,55.13291450170856
2161,53.35551628912989
2162,34.98118199875846
2163,48.87781507524024
2164,31.82353071497665
2165,50.27796770758739
2166,55.38522007398343
2167,31.481592979525352
2168,27.19620182999349
2169,39.78824145737665
2170,38.60180207583114
2171,40.47420821240589
2172,29.707563160467288
2173,34.69892641846949
2174,33.050059729425506
2175,57.173983266596316
2176,51.38496467872632
2177,55.38326734005459
2178,47.20946904263354
2179,26.314894914799517
2180,31.977992959323835
2181,31.582013928630325
2182,28.35010882110001
2183,22.733852799453054
2184,32.332492073466064
2185,55.099670843026
2186,31.375475881776328
2187,25.24791534630432
2188,35.771530395910666
2189,34.23479229657216
2190,49.56445278794807
2191,34.56246560854647
2192,33.14071276955975
2193,48.99407919049525
2194,53.960227596521555
2195,31.067460464037932
2196,53.32509822835024
2197,51.52215600723175
2198,48.31676874003942
2199,28.606817452436786
2200,32.57148491117586
2201,59.791747275791806
2202,58.69519796611387
2203,50.281060924185326
2204,54.77211723613435
2205,50.27103625657387
2206,26.04947432767973
2207,53.71586330879396
2208,40.8329900580351
2209,27.052336649289973
2210,28.991071020010217
2211,34.02971952190519
2212,31.193906622109104
2213,53.0484024534517
2214,52.528788615175934
2215,52.72218142309724
2216,36.209144397787746
2217,51.36938190871901
2218,58.73367909255599
2219,27.14547320253067
2220,47.110828952461524
2221,57.60114637803564
2222,48.52533551085492
2223,54.242458341082475
2224,27.952004187761627
2225,32.000491002635606
2226,59.266651543353504
2227,45.20927284234363
2228,47.06320527432215
2229,31.0779413924696
2230,29.25709468896179
2231,42.80819621292969
2232,55.41082196247194
2233,45.31721849014855
2234,49.72606367015491
2235,28.531980592802103
2236,30.814327436594752
2237,54.01896252409593
2238,49.41455581848265
2239,50.21190412269413
2240,42.45290616377018
2241,50.86690385572669
2242,61.749945452118745
2243,56.984004819481406
2244,54.70371375499155
2245,31.137748697169798
2246,50.2757426552793
2247,45.99794585683255
2248,47.33943928821634
2249,28.659970841288352
2250,26.64938835675399
2251,28.553527391238184
2252,48.74347235790578
2253,47.228977252793065
2254,64.62881204281527
2255,31.180765295082463
2256,35.047985637789274
2257,32.89869702969025
2258,31.72035692040357
2259,42.87643724096232
2260,45.829185204207285
2261,53.54698539817638
2262,27.14822085487085
2263,59.85880297362208
2264,50.99687729137187
2265,30.90294501634542
2266,44.38959561581387
2267,51.6096321751094
2268,51.95655255810066
2269,56.981383676426624
2270,27.72098590496118
2271,54.028933995172366
2272,56.9995933711745
2273,50.040348832935486
2274,58.48600747807443
2275,47.55398363288549
2276,33.313703303014975
2277,25.376623042260512
2278,53.28148469049212
2279,51.8918771604573
2280,50.644444420041374
2281,55.76107522555537
2282,51.16323312998839
2283,25.139991959656253
2284,51.14461607400931
2285,58.22736470158879
2286,51.65500734762736
2287,48.72777570262351
2288,47.56628200346748
2289,50.06988758409232
2290,31.821626595400513
2291,28.993567722069564
2292,24.318337048103352
2293,32.62509798821786
2294,48.1411800421602
2295,52.96865087217779
2296,25.512913979254883
2297,30.64820413075514
2298,47.24699318674241
2299,53.41867383043893
2300,54.66771961505859
2301,50.6635797470166
2302,60.55143070493797
2303,59.07801877587895
2304,45.3409853735674
2305,50.92805288248824
2306,60.90557492208747
2307,33.196379142733036
2308,33.92497775364771
2309,35.05359855772626
2310,57.76775409135429
2311,28.957356709954286
2312,46.773370351256254
2313,52.6898900451839
2314,48.7089531866021
2315,53.03675877227891
2316,34.74244682931433
2317,54.70075802514227
2318,55.79473967608223
2319,25.95691057113191
2320,31.24459710603401
2321,47.18601061748724
2322,33.14159735107025
2323,31.599460797361083
2324,26.5807245341708
2325,24.344540558463944
2326,32.72431835739052
2327,56.24889697937699
2328,39.0371961458908
2329,49.26988372798135
2330,57.25365155704578
2331,34.45350479895655
2332,56.215300234236125
2333,33.34016097765352
2334,42.12210316876574
2335,57.169671007623236
2336,31.226591691041747
2337,32.60228795969232
2338,52.35431530301739
2339,45.28042603601023
2340,53.017689173677645
2341,33.768984506467454
2342,62.61302527374309
2343,32.45978737162904
2344,31.78059291590706
2345,26.4285910785718
2346,23.920356132834154
2347,54.153697496359555
2348,54.06894956135778
2349,33.95896496696765
2350,49.772464092441886
2351,33.073517541176884
2352,55.701484037635026
2353,28.261111853015056
2354,61.3386188610054
2355,44.22334013190738
2356,56.96121842551336
2357,35.341198682744135
2358,22.437705681802893
2359,51.880137936653476
2360,42.149060328208165
2361,46.804837523342
2362,51.4117446675355
2363,53.52347463208894
2364,50.22798557218081
2365,22.636581201867802
2366,54.69982409751591
2367,45.22774477884818
2368,45.72243169179405
2369,28.778085662710257
2370,24.830529279321695
2371,56.865127085888
2372,50.09536184680025
2373,58.26990416911978
2374,54.752489674363744
2375,49.384756659646
2376,46.12672360145538
2377,52.86991697270158
2378,58.05154662422775
2379,51.34164934244624
2380,55.529358595583496
2381,52.65628045906347
2382,64.45074027056772
2383,52.05964743140027
2384,53.595970778845555
2385,48.344301550274814
2386,19.419767630385298
2387,50.90352273625735
2388,41.98950176936254
2389,43.24318062089995
2390,27.735703467231907
2391,30.982983038064106
2392,47.99355177866672
2393,44.1649773270021
2394,50.624471879074115
2395,24.515849339352926
2396,55.2738061207755
2397,47.44977335014423
2398,52.411098166814284
2399,48.91145335230703
2400,27.49597910810301
2401,54.25441614155066
2402,40.8566253960661
2403,51.71729056410444
2404,48.736210246932984
2405,34.13017629735702
2406,58.83717599606667
2407,48.97559968316204
2408,54.05857198324946
2409,51.05428062801642
2410,48.86796338884361
2411,31.291683712721966
2412,33.159990529511646
2413,47.07790312010727
2414,28.49903932176075
2415,47.72475914074853
2416,50.50184512963722
2417,48.970148108080025
2418,57.35598268476913
2419,29.329670454881626
2420,54.22024589119706
2421,50.05644694193798
2422,32.87363117409367
2423,30.493812803255423
2424,54.833897754857546
2425,26.18101975558791
2426,32.94921053681649
2427,28.63110946348939
2428,47.25795550849423
2429,36.85212294180218
2430,29.683792312732297
2431,35.22651701731197
2432,45.8133752354631
2433,30.80430317067867
2434,53.99718193874273
2435,49.21890331075889
2436,37.68570794318643
2437,51.663996204199606
2438,56.147668267218435
2439,53.241402343882044
2440,34.46857586742208
2441,48.32950343397454
2442,49.26911114005814
2443,45.58887589467892
2444,54.79918829703021
2445,55.92915962412941
2446,44.787229476073975
2447,28.671357572302615
2448,36.924122461431125
2449,39.646611015407494
2450,46.24392641717961
2451,26.017214230321038
2452,35.03984531614687
2453,57.009513348936345
2454,55.724101280010196
2455,31.797881321419283
2456,47.39729047551077
2457,29.161814482902155
2458,50.81724287310213
2459,30.455011178662552
2460,32.065420335051954
2461,31.098182229660832
2462,52.23784230303793
2463,56.70855357300216
2464,42.5253050332029
2465,27.404916307820315
2466,28.4702871142518
2467,33.0708561008189
2468,54.584657321158744
2469,56.95796118363103
2470,51.025320145119494
2471,48.25395487129257
2472,43.50608052799372
2473,48.99704073243734
2474,28.675818208324202
2475,49.3626349888944
2476,27.042676113028357
2477,54.87256178927535
2478,50.551734281753234
2479,52.08493155831163
2480,32.572178008415634
2481,55.33201018847536
2482,44.0191606155982
2483,50.93665586077599
2484,24.61783549253001
2485,32.603189607546554
2486,55.980262482203074
2487,35.67055821164446
2488,52.554340783815825
2489,29.853070595564343
2490,33.97565828977485
2491,52.06881672982882
2492,35.20656429534456
2493,55.82384809232455
2494,55.7023291502114
2495,46.903554126978165
2496,24.953693887150063
2497,45.32714586028684
2498,54.28730653058444
2499,45.53099297706772
2500,30.37057835044344
2501,48.87031567360292
2502,61.10372012811406
2503,51.22223171190368
2504,55.62722248638231
2505,53.76618541680402
2506,34.68062252044667
2507,48.65588894902565
2508,57.93666540051399
2509,48.93443835680498
2510,46.44005823375726
2511,52.96609716874922
2512,53.06546736102383
2513,53.95301387709428
2514,30.86714606036535
2515,36.306065300804214
2516,23.800202119599806
2517,45.33362267551884
2518,56.681127848844
2519,31.55381416393542
2520,32.037745145049335
2521,58.326533731253186
2522,49.944699261222326
2523,27.86452745825758
2524,31.974959416507705
2525,47.850930214688766
2526,31.43951313464523
2527,45.30508385322521
2528,52.32660840451529
2529,34.19100566317535
2530,46.763258097355234
2531,44.24877989163749
2532,54.262529428713556
2533,42.16993728412161
2534,51.736734166577975
2535,50.56177124286181
2536,55.95340832467423
2537,55.92728725837976
2538,50.596141140463466
2539,51.34830245307327
2540,49.26204295889431
2541,49.86891280128746
2542,47.907239657520314
2543,49.608303387098346
2544,33.74184105357388
2545,60.56503928419448
2546,49.75113569706595
2547,45.25532569345354
2548,56.71170595338179
2549,56.18439193067964
2550,27.681547312360312
2551,31.333406671346303
2552,25.829081842794483
2553,29.873911218065697
2554,29.095180860365545
2555,55.67125593836536
2556,60.329932930876375
2557,53.42173480954851
2558,37.05085353672526
2559,31.757816391491776
2560,52.01290552925352
2561,56.333047251404665
2562,51.46674337842774
2563,59.2534008021367
2564,53.718773589213285
2565,41.538126186480426
2566,28.764050742861198
2567,35.12616611598868
2568,36.08991611389187
2569,55.63684355639103
2570,48.05273990323465
2571,51.02835697442999
2572,29.47284149580867
2573,30.777528190387258
2574,50.09281312939754
2575,26.65185883477974
2576,33.204435984202696
2577,52.2185238542205
2578,50.44427649745879
2579,50.18330521712115
2580,27.727063464561553
2581,39.16493178879468
2582,33.428833059782086
2583,44.89652704205155
2584,35.63841075488828
2585,33.4374379082904
2586,31.990237981499714
2587,51.878442096156036
2588,53.829650599208215
2589,26.49976715817048
2590,27.722500809413
2591,49.02495519738748
2592,50.319536755017374
2593,30.787148286226333
2594,28.085500702003166
2595,50.739945619639535
2596,52.034957894797316
2597,58.287104959981725
2598,19.979722242130165
2599,32.6064516128233
2600,46.19984221836391
2601,43.740729365334566
2602,48.87337986221123
2603,43.786691231822765
2604,23.922384991732685
2605,53.36746673450959
2606,48.4631830654873
2607,54.66886221577099
2608,45.99443191851309
2609,55.17542732246992
2610,57.912963253885195
2611,32.97016465635927
2612,49.88224401160305
2613,44.398364213406374
2614,53.87142451790881
2615,48.55189878701553
2616,48.88528950568421
2617,50.770390434107355
2618,50.51434004649367
2619,58.209256794583446
2620,53.373453263951106
2621,52.190623795404235
2622,57.340748957518954
2623,61.20711111044731
2624,58.681689164877916
2625,49.08858108806266
2626,35.778420805165325
2627,43.86082132142003
2628,51.503661891860055
2629,55.27117398214109
2630,30.488015642149946
2631,23.1092777218002
2632,36.063030987257626
2633,33.336293704716525
2634,61.054377707729294
2635,53.19545639895367
2636,52.353979687875785
2637,30.938255040903844
2638,53.66059566785875
2639,33.05929474286064
2640,47.9678219915244
2641,54.15839392357899
2642,54.12507699123482
2643,40.26023149654578
2644,53.22303540823361
2645,48.81313027241068
2646,29.88205026104897
2647,24.171963275837403
2648,32.17440291109415
2649,50.50835766644607
2650,51.407958029116344
2651,31.597413739707907
2652,50.119120110154796
2653,48.70195743896345
2654,28.229333421766306
2655,45.4666351024219
2656,32.071609603483545
2657,51.1941987056447
2658,45.24626073590801
2659,49.274823045796346
2660,50.613059648080174
2661,41.28219878389731
2662,25.6033287843917
2663,52.35360268855571
2664,28.329287807410854
2665,34.68148378839246
2666,33.97543002885147
2667,48.86264524872817
2668,65.5176179346095
2669,34.61899441038323
2670,51.92272941331286
2671,27.23996080341445
2672,35.97159237128252
2673,47.39777174707651
2674,49.543164917541
2675,28.47587964587356
2676,56.582259386509044
2677,41.53563660465251
2678,50.6347669442715
2679,35.533247335729
2680,52.63249719295207
2681,48.87903549061444
2682,28.055950649722206
2683,50.24679214304826
2684,49.29348232962738
2685,56.11588444192251
2686,51.77545109363665
2687,30.988519758769307
2688,50.214050739668494
2689,54.61451993044264
2690,53.322585791082254
2691,50.39854751569559
2692,47.14012047501448
2693,54.948503396682405
2694,29.90414156581394
2695,34.227647689912665
2696,46.179607945169685
2697,35.44299548212345
2698,58.74803746707405
2699,26.577115006572534
2700,23.805692743892457
2701,50.35991903244927
2702,52.33771706477529
2703,54.25513612477722
2704,52.76191547097441
2705,48.176902671170204
2706,47.57713103583279
2707,52.208303391660216
2708,29.393084002436172
2709,25.418633088517804
2710,57.585946355461154
2711,48.01200891728139
2712,36.24842429382481
2713,58.50476974237348
2714,33.420493351452464
2715,52.8264375128615
2716,46.579682922107864
2717,52.2766852290597
2718,31.24383791026629
2719,47.19786141426701
2720,45.37329871284251
2721,29.171280134984173
2722,22.38803895712347
2723,52.918398500918876
2724,24.325813904922793
2725,52.26991275792185
2726,34.24527415672533
2727,45.60860383121297
2728,37.18483637731706
2729,46.57291293655123
2730,52.46617784082068
2731,32.23185543133657
2732,52.814833204947455
2733,34.58629611786808
2734,56.429669698333704
2735,45.41054475901915
2736,55.43647773414954
2737,49.3832388405979
2738,55.998900582851505
2739,52.6737309208006
2740,45.205646202946966
2741,42.346149184106665
2742,38.594059287185274
2743,46.680520954330774
2744,28.423075688675034
2745,59.62588387194886
2746,49.521741109999425
2747,46.75090138995283
2748,22.23298008137897
2749,26.523074656665337
2750,55.16921357959378
2751,26.68941527170572
2752,56.35553900721674
2753,55.954699568527595
2754,51.11962942199727
2755,33.84475910653387
2756,47.89159436168308
2757,29.827110197796266
2758,58.97546049347116
2759,46.1287828708782
2760,55.71615066477024
2761,53.40012949622013
2762,52.736801129801506
2763,47.108579905669394
2764,52.7278096342542
2765,46.64296117465035
2766,53.693778554821534
2767,51.126553383108266
2768,48.184872526165314
2769,33.480505966187
2770,57.045749589944954
2771,53.90024564315675
2772,49.501445769467956
2773,49.84669412058181
2774,55.57048389462657
2775,30.28758260350271
2776,50.59706686296615
2777,26.37117278071649
2778,53.28470529015297
2779,32.62674070612515
2780,55.20766124758104
2781,28.832841708196018
2782,31.246199364288604
2783,54.508086463860494
2784,27.216053726110818
2785,43.03004160814046
2786,56.14872078354953
2787,30.55912690439539
2788,26.93993007284994
2789,30.508804493626094
2790,29.571224473774205
2791,59.55040234833341
2792,27.75017051594656
2793,28.345871516951448
2794,51.94696710594919
2795,36.23228644476897
2796,50.72689387332553
2797,53.307367204119686
2798,27.31899858884581
2799,48.348412088885844
2800,46.92597842986893
2801,55.78173905514046
2802,40.27402729995642
2803,50.82648096610395
2804,55.0071879598671
2805,33.00610397699104
2806,31.909279028762437
2807,51.719245721916536
2808,49.71165343143365
2809,54.18896464760375
2810,24.27094227380583
2811,52.64520621774245
2812,51.16676405613593
2813,55.422530071746436
2814,54.03314816205228
2815,41.48247743605921
2816,29.61390306251226
2817,50.66769167051922
2818,31.474002304588577
2819,32.14747526702027
2820,31.08715545516199
2821,34.60178238234551
2822,33.65937990381427
2823,50.06145138568095
2824,33.0440796820677
2825,54.294894269641546
2826,56.58107803993283
2827,54.52458396871793
2828,28.23539132032239
2829,43.59689184214704
2830,49.17120909327413
2831,47.5173442301016
2832,35.688671723645875
2833,51.161091027024305
2834,39.70893797782415
2835,55.722438660576174
2836,51.73405264098127
2837,42.99742347002098
2838,56.99056862674436
2839,50.95738311078231
2840,25.16087072019744
2841,53.06392004208785
2842,47.198236624963
2843,57.04363689537601
2844,52.02548085855882
2845,52.09921372654551
2846,22.295661058719187
2847,33.80153488128111
2848,49.67425849471557
2849,55.425977843413676
2850,51.05307595484746
2851,55.161787369785095
2852,29.41427787888219
2853,27.175969081116776
2854,45.161839969607016
2855,51.40358475245857
2856,50.73056956226083
2857,46.706330689037756
2858,49.3726641085614
2859,25.449111636959046
2860,53.10654500842713
2861,32.3528910846842
2862,54.60783520235403
2863,47.608271742006316
2864,51.51445076758392
2865,48.946700737271996
2866,49.621061032357055
2867,52.428709218229194
2868,61.64091924024497
2869,32.925259628665025
2870,34.05277596975685
2871,28.898818368381956
2872,55.31850683260456
2873,25.362580709012427
2874,56.62967381176793
2875,56.487096392500035
2876,56.411384718647604
2877,49.85752503690642
2878,46.93539201692856
2879,55.34971817495524
2880,47.954485476722176
2881,47.462663607677996
2882,36.03510148003418
2883,56.03173598927933
2884,45.03355875213608
2885,52.78697063253057
2886,50.03517029895924
2887,28.083027601453157
2888,59.456187765703355
2889,49.65678821627569
2890,35.3212548493959
2891,48.450594079446645
2892,29.33394587890249
2893,56.279344345127555
2894,57.58400905843216
2895,52.7880896058978
2896,54.12014501012266
2897,32.882007636923554
2898,48.789512814273806
2899,53.106985422971654
2900,60.02852809642648
2901,51.7846256184948
2902,53.23876446671828
2903,33.30452812836335
2904,48.99910948696898
2905,51.426243632505205
2906,29.456497430510158
2907,52.83668830665174
2908,32.022319540353344
2909,59.90927171712076
2910,57.70617850060268
2911,31.575215819941036
2912,29.720954613996742
2913,51.57793877554993
2914,53.58678813967178
2915,47.434034280127435
2916,48.885651945292274
2917,49.87861140003318
2918,57.945456179687575
2919,61.19997700312757
2920,51.0027390958775
2921,25.032822768077274
2922,54.58607480709331
2923,55.413060235354834
2924,33.77153778261606
2925,37.125864947333056
2926,31.977994825387942
2927,31.212342300594106
2928,59.0293554041607
2929,52.133263247839096
2930,50.28731175405619
2931,55.954871396539964
2932,58.829269156224626
2933,54.32052442439866
2934,51.55291569866389
2935,53.417101786312706
2936,54.55199256615799
2937,49.836059013427274
2938,52.93346463934755
2939,51.885467025761294
2940,55.21903258700518
2941,51.77012811630139
2942,54.60845742764125
2943,20.725451236729903
2944,48.007208418436235
2945,32.249746553222984
2946,25.78654477139222
2947,51.37367497021312
2948,53.70369443722472
2949,54.01467208724646
2950,54.86609991590399
2951,53.19495556349914
2952,33.4682371538915
2953,25.342455440861062
2954,30.00568459945462
2955,57.02573305570059
2956,39.183985548025746
2957,33.92636238499299
2958,47.92458728598337
2959,35.12376159114037
2960,57.87930969971892
2961,51.56385477465015
2962,31.252992357932676
2963,29.97647460098318
2964,57.62525274876257
2965,59.300175517771905
2966,30.722039339358822
2967,55.784384087766945
2968,31.214809922438594
2969,51.45540351543493
2970,40.95235579878574
2971,52.761151301680194
2972,55.47280055988381
2973,49.730629408987454
2974,55.3961222694302
2975,49.09676415012568
2976,30.72011081462847
2977,55.64081366679988
2978,49.338897856929
2979,50.75743570697167
2980,55.26322109945578
2981,28.85354127298061
2982,57.3642715908312
2983,24.060478506845563
2984,43.36957451505769
2985,54.635707420762735
2986,48.129401507654634
2987,46.65542102714787
2988,55.12863678637373
2989,27.143931272671903
2990,22.814178671179125
2991,30.294754369395505
2992,25.74845760074842
2993,52.22510955955454
2994,49.88103365932344
2995,30.554379635372616
2996,51.7883221061884
2997,45.386818534023845
2998,30.58995388215697
2999,46.53274239969785
